unv1/outfiles/leafspine_load1_seed1.out	0.08707654926990555	0.0498581	0.469751	10.5863
unv1/outfiles/leafspine_load1_seed2.out	0.08678458957772683	0.0498118	0.483797	10.1749
unv1/outfiles/leafspine_load1_seed3.out	0.0868081740185956	0.0498762	0.480925	9.994
unv1/outfiles/leafspine_load1_seed4.out	0.08687010930945828	0.0498144	0.47784	10.2515
unv1/outfiles/leafspine_load1_seed5.out	0.08737481290720026	0.0498984	0.495647	10.4387
unv1/outfiles/leafspine_load2_seed1.out	0.14100121857679918	0.0660969	0.887153	12.4264
unv1/outfiles/leafspine_load2_seed2.out	0.13831642679986852	0.0661511	0.872578	12.6571
unv1/outfiles/leafspine_load2_seed3.out	0.14009143820381828	0.0659194	0.881322	11.7083
unv1/outfiles/leafspine_load2_seed4.out	0.13751493250517413	0.0660007	0.842561	13.9195
unv1/outfiles/leafspine_load2_seed5.out	0.14343780337597223	0.0662186	0.903117	14.8499
unv1/outfiles/leafspine_load3_seed1.out	0.2783155975436053	0.110465	4.51119	28.8772
unv1/outfiles/leafspine_load3_seed2.out	0.28185138544394384	0.11151	4.6921	26.7341
unv1/outfiles/leafspine_load3_seed3.out	0.2856094217538838	0.110213	5.0529	26.6842
unv1/outfiles/leafspine_load3_seed4.out	0.28561561115158357	0.111625	5.00762	27.118
unv1/outfiles/leafspine_load3_seed5.out	0.27836249464292767	0.110757	4.85777	23.3102
unv1/outfiles/leafspine_load4_seed1.out	0.7337977882815144	0.225633	11.8572	80.1619
unv1/outfiles/leafspine_load4_seed2.out	0.7346965748844343	0.226557	11.7261	92.7515
unv1/outfiles/leafspine_load4_seed3.out	0.7123551957686849	0.228054	11.4083	73.2825
unv1/outfiles/leafspine_load4_seed4.out	0.7227057811834177	0.223336	11.6398	93.8986
unv1/outfiles/leafspine_load4_seed5.out	0.7299631503603935	0.226742	11.726	78.4747
unv1/outfiles/leafspine_load5_seed1.out	2.5733740127469766	0.340462	49.4997	286.279
unv1/outfiles/leafspine_load5_seed2.out	2.602537200952533	0.339671	50.0716	284.13
unv1/outfiles/leafspine_load5_seed3.out	2.597680105766148	0.340251	50.2049	285.082
unv1/outfiles/leafspine_load5_seed4.out	2.5328822886566575	0.338032	49.2024	287.583
unv1/outfiles/leafspine_load5_seed5.out	2.5475987240447395	0.341384	48.9374	288.468
unv1/outfiles/leafspine_load6_seed1.out	7.829724705047467	0.402542	130.522	295.293
unv1/outfiles/leafspine_load6_seed2.out	7.784503986846553	0.401744	129.71	294.929
unv1/outfiles/leafspine_load6_seed3.out	7.7756372428574965	0.401884	127.152	296.672
unv1/outfiles/leafspine_load6_seed4.out	7.654268555713222	0.401783	122.444	297.624
unv1/outfiles/leafspine_load6_seed5.out	7.769487030179259	0.401743	127.199	295.037
unv1/outfiles/leafspine_load7_seed1.out	18.342114077141122	0.445761	219.17	349.081
unv1/outfiles/leafspine_load7_seed2.out	18.424048828081137	0.44346	202.633	348.065
unv1/outfiles/leafspine_load7_seed3.out	18.387847174023094	0.444279	209.739	357.386
unv1/outfiles/leafspine_load7_seed4.out	18.52242053774703	0.444645	230.115	368.947
unv1/outfiles/leafspine_load7_seed5.out	18.655861826007655	0.444305	228.792	350.312
unv1/outfiles/leafspine_load8_seed1.out	35.16790569227452	0.486721	311.94	569.303
unv1/outfiles/leafspine_load8_seed2.out	35.261059670760574	0.486781	312.633	580.777
unv1/outfiles/leafspine_load8_seed3.out	35.00742473535949	0.48652	311.032	570.364
unv1/outfiles/leafspine_load8_seed4.out	35.20605919554835	0.486171	314.171	582.961
unv1/outfiles/leafspine_load8_seed5.out	35.04030250981666	0.487201	311.464	572.064
unv1/outfiles/leafspine_load9_seed1.out	61.81988616139077	0.540374	563.886	1082.54
unv1/outfiles/leafspine_load9_seed2.out	61.39363913336124	0.538978	563.801	1081.77
unv1/outfiles/leafspine_load9_seed3.out	61.43336634829345	0.540443	563.701	1082.45
unv1/outfiles/leafspine_load9_seed4.out	60.60402583756762	0.539545	562.937	1081.55
unv1/outfiles/leafspine_load9_seed5.out	61.47865623186973	0.540469	563.782	1082.18
unv1/outfiles/leafspine_load10_seed1.out	100.96275369006962	0.629194	1079.69	2111.31
unv1/outfiles/leafspine_load10_seed2.out	101.57419380255362	0.628147	1079.83	2111.31
unv1/outfiles/leafspine_load10_seed3.out	100.4429472355115	0.630078	1079.52	2111.95
unv1/outfiles/leafspine_load10_seed4.out	101.96529739768852	0.627385	1079.88	2111.65
unv1/outfiles/leafspine_load10_seed5.out	101.51662348229397	0.631074	1079.72	2111.58
unv1/outfiles/dringsu2_load1_seed1.out	0.0807938312559017	0.0536197	0.445757	10.2631
unv1/outfiles/dringsu2_load1_seed2.out	0.0796241622257285	0.0535428	0.443853	8.42253
unv1/outfiles/dringsu2_load1_seed3.out	0.08024900863429607	0.0535897	0.437739	10.243
unv1/outfiles/dringsu2_load1_seed4.out	0.07957314231927858	0.0536421	0.433977	9.59133
unv1/outfiles/dringsu2_load1_seed5.out	0.07998126382169847	0.053625	0.445123	8.91001
unv1/outfiles/dringsu2_load2_seed1.out	0.09633265027209814	0.058355	0.525801	10.3218
unv1/outfiles/dringsu2_load2_seed2.out	0.09692683883351448	0.0583596	0.534842	10.248
unv1/outfiles/dringsu2_load2_seed3.out	0.09780750191193925	0.0584117	0.533069	10.4655
unv1/outfiles/dringsu2_load2_seed4.out	0.0979030436591672	0.0583108	0.534549	10.8146
unv1/outfiles/dringsu2_load2_seed5.out	0.09725622328519191	0.0583771	0.533338	10.6212
unv1/outfiles/dringsu2_load3_seed1.out	0.13240082429374794	0.0679726	0.808484	12.0557
unv1/outfiles/dringsu2_load3_seed2.out	0.13194744498459351	0.0680718	0.792716	12.5944
unv1/outfiles/dringsu2_load3_seed3.out	0.1344844373086144	0.0681614	0.819998	12.7739
unv1/outfiles/dringsu2_load3_seed4.out	0.1336447977479721	0.0682849	0.817218	13.1376
unv1/outfiles/dringsu2_load3_seed5.out	0.13104946236956247	0.0679461	0.790924	11.8053
unv1/outfiles/dringsu2_load4_seed1.out	0.1692934375546213	0.0830517	1.14018	15.9001
unv1/outfiles/dringsu2_load4_seed2.out	0.1700088098817375	0.083124	1.12925	15.1647
unv1/outfiles/dringsu2_load4_seed3.out	0.17023825275593196	0.0830801	1.1575	15.7577
unv1/outfiles/dringsu2_load4_seed4.out	0.170596099896452	0.0828909	1.14396	16.3675
unv1/outfiles/dringsu2_load4_seed5.out	0.16815107242940333	0.082697	1.10666	16.4203
unv1/outfiles/dringsu2_load5_seed1.out	0.23252927219416336	0.109247	2.21819	23.2333
unv1/outfiles/dringsu2_load5_seed2.out	0.23284220234773972	0.109826	2.18743	22.8282
unv1/outfiles/dringsu2_load5_seed3.out	0.23626588124588893	0.109612	2.37868	25.3444
unv1/outfiles/dringsu2_load5_seed4.out	0.23680955074564106	0.109996	2.33707	22.4743
unv1/outfiles/dringsu2_load5_seed5.out	0.23641745570604736	0.110086	2.34532	22.2744
unv1/outfiles/dringsu2_load6_seed1.out	0.34268922266662033	0.156227	5.94832	36.254
unv1/outfiles/dringsu2_load6_seed2.out	0.34107906192653004	0.155312	5.92546	34.1429
unv1/outfiles/dringsu2_load6_seed3.out	0.3377510239567941	0.154472	5.80445	34.4623
unv1/outfiles/dringsu2_load6_seed4.out	0.34826710321222143	0.155138	6.00723	40.748
unv1/outfiles/dringsu2_load6_seed5.out	0.3452298212306354	0.15522	6.0683	37.4595
unv1/outfiles/dringsu2_load7_seed1.out	0.5723006583355805	0.215421	9.97103	79.8642
unv1/outfiles/dringsu2_load7_seed2.out	0.5656665893375433	0.214891	9.94221	74.5108
unv1/outfiles/dringsu2_load7_seed3.out	0.5782229019036212	0.215748	10.0633	76.1197
unv1/outfiles/dringsu2_load7_seed4.out	0.5639759665483509	0.215837	9.99717	70.0312
unv1/outfiles/dringsu2_load7_seed5.out	0.5796443121223093	0.213216	10.0479	79.2524
unv1/outfiles/dringsu2_load8_seed1.out	0.9876373008985648	0.271776	17.0096	114.897
unv1/outfiles/dringsu2_load8_seed2.out	1.0365884715137954	0.270243	18.1192	131.742
unv1/outfiles/dringsu2_load8_seed3.out	1.0192049345149639	0.271501	18.1306	125.262
unv1/outfiles/dringsu2_load8_seed4.out	1.000803386707512	0.270604	17.6203	117.466
unv1/outfiles/dringsu2_load8_seed5.out	1.010303835658485	0.272024	17.8436	119.615
unv1/outfiles/dringsu2_load9_seed1.out	1.978354821453089	0.356547	37.547	208.713
unv1/outfiles/dringsu2_load9_seed2.out	1.9119420466817576	0.359707	35.3779	181.231
unv1/outfiles/dringsu2_load9_seed3.out	1.8920592933449731	0.35987	34.6935	190.112
unv1/outfiles/dringsu2_load9_seed4.out	1.9928866594145411	0.356044	37.9231	208.351
unv1/outfiles/dringsu2_load9_seed5.out	1.9671183886042762	0.357285	37.4467	184.77
unv1/outfiles/dringsu2_load10_seed1.out	3.8596286582695862	0.415559	96.0376	307.491
unv1/outfiles/dringsu2_load10_seed2.out	3.87023992641092	0.415907	96.574	308.274
unv1/outfiles/dringsu2_load10_seed3.out	3.6977097041392275	0.414239	94.5778	299.992
unv1/outfiles/dringsu2_load10_seed4.out	3.8013067051386993	0.415128	95.572	302.404
unv1/outfiles/dringsu2_load10_seed5.out	3.7065994262945177	0.417007	94.3832	300.853
unv1/outfiles/dringecmp_load1_seed1.out	0.08519520270009735	0.052753	0.479737	10.756
unv1/outfiles/dringecmp_load1_seed2.out	0.08332639590769347	0.052744	0.468674	10.4346
unv1/outfiles/dringecmp_load1_seed3.out	0.08236108750426553	0.052744	0.456254	10.7198
unv1/outfiles/dringecmp_load1_seed4.out	0.08422381828036686	0.0527195	0.472549	10.5221
unv1/outfiles/dringecmp_load1_seed5.out	0.0852166336618941	0.0527738	0.482237	10.6566
unv1/outfiles/dringecmp_load2_seed1.out	0.2381270512293195	0.0582902	1.17272	106.03
unv1/outfiles/dringecmp_load2_seed2.out	0.28614612804125644	0.0582917	1.18689	127.591
unv1/outfiles/dringecmp_load2_seed3.out	0.23719552250269363	0.0582891	1.17195	94.4311
unv1/outfiles/dringecmp_load2_seed4.out	0.23335611389221586	0.0583526	1.18974	103.035
unv1/outfiles/dringecmp_load2_seed5.out	0.2637795818969211	0.0582421	1.17673	108.456
unv1/outfiles/dringecmp_load3_seed1.out	1.9200512937850787	0.0678398	36.489	556.138
unv1/outfiles/dringecmp_load3_seed2.out	2.0599262144481267	0.0679482	47.6375	557.329
unv1/outfiles/dringecmp_load3_seed3.out	2.201685981610075	0.0678128	45.9025	561.619
unv1/outfiles/dringecmp_load3_seed4.out	1.8782417723454528	0.0678592	36.5268	558.217
unv1/outfiles/dringecmp_load3_seed5.out	2.1317447000428627	0.0675359	47.2052	560.061
unv1/outfiles/dringecmp_load4_seed1.out	8.487835421747322	0.0836324	293.738	2109.89
unv1/outfiles/dringecmp_load4_seed2.out	8.467405629668535	0.0831783	294.193	2110.17
unv1/outfiles/dringecmp_load4_seed3.out	9.300754778705159	0.0837614	296.195	2111.42
unv1/outfiles/dringecmp_load4_seed4.out	8.73378077641244	0.0830863	294.797	2111.83
unv1/outfiles/dringecmp_load4_seed5.out	9.386414455073005	0.0836651	297.621	2114.69
unv1/outfiles/dringecmp_load5_seed1.out	42.885875435798766	0.109644	1073.15	8271.34
unv1/outfiles/dringecmp_load5_seed2.out	41.92428094502285	0.110532	620.758	8270.62
unv1/outfiles/dringecmp_load5_seed3.out	41.92901346982696	0.109416	1073.33	8270.22
unv1/outfiles/dringecmp_load5_seed4.out	42.326972945268714	0.109337	1073.93	8270.88
unv1/outfiles/dringecmp_load5_seed5.out	41.77441873845884	0.110098	1072.0	8270.5
unv1/outfiles/dringecmp_load6_seed1.out	51.5709462823328	0.147986	1084.42	8275.13
unv1/outfiles/dringecmp_load6_seed2.out	50.944591322083504	0.148973	1083.34	8274.07
unv1/outfiles/dringecmp_load6_seed3.out	51.418515659723646	0.147152	1082.56	8273.11
unv1/outfiles/dringecmp_load6_seed4.out	49.928944563392804	0.148083	1081.84	8273.84
unv1/outfiles/dringecmp_load6_seed5.out	52.11005323549802	0.148678	1084.3	8274.89
unv1/outfiles/dringecmp_load7_seed1.out	61.685170075683835	0.196654	2108.07	8278.25
unv1/outfiles/dringecmp_load7_seed2.out	63.49651572544698	0.195954	2109.68	8279.3
unv1/outfiles/dringecmp_load7_seed3.out	62.75756769816465	0.196985	2109.09	8279.02
unv1/outfiles/dringecmp_load7_seed4.out	63.41884692818452	0.198848	2108.72	8278.66
unv1/outfiles/dringecmp_load7_seed5.out	61.460054231633556	0.195799	2108.07	8278.9
unv1/outfiles/dringecmp_load8_seed1.out	74.77515272781585	0.241898	2118.31	8281.65
unv1/outfiles/dringecmp_load8_seed2.out	75.51155752047517	0.242999	2118.38	8280.76
unv1/outfiles/dringecmp_load8_seed3.out	74.74469877308898	0.241759	2118.13	8281.66
unv1/outfiles/dringecmp_load8_seed4.out	77.1065172168787	0.241019	2120.23	8281.68
unv1/outfiles/dringecmp_load8_seed5.out	75.31289440851411	0.243793	2118.45	8282.53
unv1/outfiles/dringecmp_load9_seed1.out	85.59642090748412	0.29603	2141.49	8285.8
unv1/outfiles/dringecmp_load9_seed2.out	85.86252078046645	0.298766	2154.78	8284.71
unv1/outfiles/dringecmp_load9_seed3.out	86.21293620232066	0.297913	2151.08	8283.0
unv1/outfiles/dringecmp_load9_seed4.out	85.9541669071646	0.296373	2144.47	8285.12
unv1/outfiles/dringecmp_load9_seed5.out	86.63036239798362	0.299888	2163.12	8287.93
unv1/outfiles/dringecmp_load10_seed1.out	90.60473828547649	0.349402	2207.66	8283.99
unv1/outfiles/dringecmp_load10_seed2.out	89.76220777920831	0.349331	2192.51	8286.87
unv1/outfiles/dringecmp_load10_seed3.out	90.01074777964647	0.348921	2199.07	8287.76
unv1/outfiles/dringecmp_load10_seed4.out	90.78011159385477	0.34899	2199.59	8285.5
unv1/outfiles/dringecmp_load10_seed5.out	89.31928973307497	0.348115	2194.95	8285.45
unv1/outfiles/dringfatpaths_load1_seed1.out	0.13478551204705685	0.0754373	0.781752	11.9551
unv1/outfiles/dringfatpaths_load1_seed2.out	0.1329382800242912	0.0755697	0.755811	11.4294
unv1/outfiles/dringfatpaths_load1_seed3.out	0.1330017111557221	0.0756509	0.748597	11.3443
unv1/outfiles/dringfatpaths_load1_seed4.out	0.13236064377873172	0.0754903	0.742078	12.4266
unv1/outfiles/dringfatpaths_load1_seed5.out	0.13292249361612396	0.0755934	0.756808	11.5374
unv1/outfiles/dringfatpaths_load2_seed1.out	0.7558189667300802	0.167054	12.1277	143.982
unv1/outfiles/dringfatpaths_load2_seed2.out	0.749329352386798	0.165614	11.9142	122.711
unv1/outfiles/dringfatpaths_load2_seed3.out	0.729395578510097	0.168756	12.0164	147.781
unv1/outfiles/dringfatpaths_load2_seed4.out	0.709566833492703	0.168117	11.6271	126.467
unv1/outfiles/dringfatpaths_load2_seed5.out	0.7415589748839777	0.166737	12.0471	114.736
unv1/outfiles/dringfatpaths_load3_seed1.out	2.3285078444956806	0.273517	59.8809	298.845
unv1/outfiles/dringfatpaths_load3_seed2.out	2.3625917572570425	0.275191	59.845	299.391
unv1/outfiles/dringfatpaths_load3_seed3.out	2.482962664790703	0.276454	63.8559	297.38
unv1/outfiles/dringfatpaths_load3_seed4.out	2.409380733259994	0.274924	59.7707	299.581
unv1/outfiles/dringfatpaths_load3_seed5.out	2.4099029932024063	0.275411	62.9397	298.987
unv1/outfiles/dringfatpaths_load4_seed1.out	6.853193119246262	0.42439	148.012	335.341
unv1/outfiles/dringfatpaths_load4_seed2.out	6.715610515757913	0.422321	140.081	330.894
unv1/outfiles/dringfatpaths_load4_seed3.out	6.803439669263946	0.42271	145.208	333.439
unv1/outfiles/dringfatpaths_load4_seed4.out	6.549922433595682	0.423853	134.011	322.374
unv1/outfiles/dringfatpaths_load4_seed5.out	6.8233255544820315	0.426511	147.937	338.56
unv1/outfiles/dringfatpaths_load5_seed1.out	62.92820413171342	0.578632	1080.26	4159.19
unv1/outfiles/dringfatpaths_load5_seed2.out	62.767201478349506	0.578341	1080.74	4159.48
unv1/outfiles/dringfatpaths_load5_seed3.out	63.42200910427195	0.584004	1080.55	4158.94
unv1/outfiles/dringfatpaths_load5_seed4.out	62.25677635164492	0.577368	1079.72	4158.68
unv1/outfiles/dringfatpaths_load5_seed5.out	63.16935399472367	0.581816	1080.64	4161.24
unv1/outfiles/dringfatpaths_load6_seed1.out	49.18001449699545	0.672177	563.43	2130.84
unv1/outfiles/dringfatpaths_load6_seed2.out	50.04239033240929	0.669693	564.651	4154.47
unv1/outfiles/dringfatpaths_load6_seed3.out	50.19592035182067	0.669823	566.846	4152.82
unv1/outfiles/dringfatpaths_load6_seed4.out	50.15664868517794	0.664639	566.147	4153.31
unv1/outfiles/dringfatpaths_load6_seed5.out	49.08248170845476	0.667392	562.724	2308.61
unv1/outfiles/dringfatpaths_load7_seed1.out	139.586879511556	0.892956	2108.4	8262.21
unv1/outfiles/dringfatpaths_load7_seed2.out	143.56853255146763	0.884411	2110.13	8270.4
unv1/outfiles/dringfatpaths_load7_seed3.out	140.43042032160906	0.888117	2108.63	8264.58
unv1/outfiles/dringfatpaths_load7_seed4.out	140.0393540611247	0.884402	2108.77	8262.97
unv1/outfiles/dringfatpaths_load7_seed5.out	141.76217829762402	0.887732	2108.71	8267.1
unv1/outfiles/dringfatpaths_load8_seed1.out	153.1536261977473	1.08174	2102.84	8256.06
unv1/outfiles/dringfatpaths_load8_seed2.out	153.4910242488394	1.07877	2098.43	8259.61
unv1/outfiles/dringfatpaths_load8_seed3.out	154.24420784114812	1.08168	2102.91	8257.85
unv1/outfiles/dringfatpaths_load8_seed4.out	155.39710577073828	1.08233	2103.13	8259.64
unv1/outfiles/dringfatpaths_load8_seed5.out	153.9088289498923	1.08202	2102.44	8257.34
unv1/outfiles/dringfatpaths_load9_seed1.out	303.2322676407983	1.82619	4157.33	8289.89
unv1/outfiles/dringfatpaths_load9_seed2.out	305.705477859496	1.82964	4157.16	8288.26
unv1/outfiles/dringfatpaths_load9_seed3.out	305.1986760649317	1.84848	4157.24	8289.8
unv1/outfiles/dringfatpaths_load9_seed4.out	305.28124230042897	1.81846	4157.14	8289.18
unv1/outfiles/dringfatpaths_load9_seed5.out	306.6469569448137	1.83643	4157.55	8292.53
unv1/outfiles/dringfatpaths_load10_seed1.out	273.150867555031	3.22161	2176.09	8260.61
unv1/outfiles/dringfatpaths_load10_seed2.out	274.1726198565837	3.32313	2176.42	8260.97
unv1/outfiles/dringfatpaths_load10_seed3.out	272.63546844491134	3.31002	2168.18	8260.87
unv1/outfiles/dringfatpaths_load10_seed4.out	272.3131043673132	3.28198	2162.63	8260.96
unv1/outfiles/dringfatpaths_load10_seed5.out	274.1510213610293	3.25631	2176.57	8261.48
unv1/outfiles/dringfhi_load1_seed1.out	0.09051724932047071	0.0633791	0.46785	9.46933
unv1/outfiles/dringfhi_load1_seed2.out	0.09241828254071553	0.0634822	0.475569	9.94115
unv1/outfiles/dringfhi_load1_seed3.out	0.09083061226789536	0.0633555	0.474291	9.38593
unv1/outfiles/dringfhi_load1_seed4.out	0.09046349056874058	0.0634127	0.464501	8.48427
unv1/outfiles/dringfhi_load1_seed5.out	0.09042027697791019	0.0633603	0.46366	9.76123
unv1/outfiles/dringfhi_load2_seed1.out	0.11033994163408935	0.0685267	0.586239	10.8002
unv1/outfiles/dringfhi_load2_seed2.out	0.10957168297880364	0.0685374	0.577754	10.4661
unv1/outfiles/dringfhi_load2_seed3.out	0.11052488303787918	0.0685374	0.584922	10.7855
unv1/outfiles/dringfhi_load2_seed4.out	0.110726232194552	0.0685206	0.582409	10.7907
unv1/outfiles/dringfhi_load2_seed5.out	0.10958635266765585	0.0684841	0.575597	10.4729
unv1/outfiles/dringfhi_load3_seed1.out	0.15830469668809852	0.0817734	0.987641	17.0717
unv1/outfiles/dringfhi_load3_seed2.out	0.15991726959647729	0.0820943	0.997834	19.08
unv1/outfiles/dringfhi_load3_seed3.out	0.1579273136176397	0.0818785	1.0002	16.939
unv1/outfiles/dringfhi_load3_seed4.out	0.16558845328343874	0.0823431	1.06256	22.2075
unv1/outfiles/dringfhi_load3_seed5.out	0.15932245923816202	0.0821421	0.998405	19.4825
unv1/outfiles/dringfhi_load4_seed1.out	0.23084130441726092	0.102398	1.97267	38.5009
unv1/outfiles/dringfhi_load4_seed2.out	0.23110105917210583	0.102777	2.06268	32.8824
unv1/outfiles/dringfhi_load4_seed3.out	0.2286651301912663	0.102774	1.96408	37.6373
unv1/outfiles/dringfhi_load4_seed4.out	0.2381714172438412	0.10255	2.24386	35.8564
unv1/outfiles/dringfhi_load4_seed5.out	0.25172627543191195	0.102804	2.17653	92.1832
unv1/outfiles/dringfhi_load5_seed1.out	0.5978984829299533	0.139273	8.79879	166.652
unv1/outfiles/dringfhi_load5_seed2.out	0.48592120810769784	0.14098	7.98832	110.151
unv1/outfiles/dringfhi_load5_seed3.out	0.513075361554971	0.140374	8.2345	114.41
unv1/outfiles/dringfhi_load5_seed4.out	0.5082393545460013	0.14084	8.15405	166.255
unv1/outfiles/dringfhi_load5_seed5.out	0.5703272927297204	0.139964	8.32972	165.931
unv1/outfiles/dringfhi_load6_seed1.out	0.7763476690819237	0.188262	10.6671	172.183
unv1/outfiles/dringfhi_load6_seed2.out	0.7405617149804089	0.189716	10.601	167.333
unv1/outfiles/dringfhi_load6_seed3.out	0.7586307760251781	0.189797	10.5161	170.83
unv1/outfiles/dringfhi_load6_seed4.out	0.7174121208578201	0.190635	10.5942	167.036
unv1/outfiles/dringfhi_load6_seed5.out	0.7243622224259291	0.190213	10.4321	164.43
unv1/outfiles/dringfhi_load7_seed1.out	1.7252181702693532	0.254522	28.8052	303.882
unv1/outfiles/dringfhi_load7_seed2.out	1.686031946474547	0.250649	27.4076	317.042
unv1/outfiles/dringfhi_load7_seed3.out	1.6329670116402353	0.253291	27.6922	300.806
unv1/outfiles/dringfhi_load7_seed4.out	1.6280741029009136	0.249312	29.678	300.143
unv1/outfiles/dringfhi_load7_seed5.out	1.6680316962241875	0.249803	28.9809	301.743
unv1/outfiles/dringfhi_load8_seed1.out	3.1060023902244915	0.324342	65.4737	567.481
unv1/outfiles/dringfhi_load8_seed2.out	3.2548581884027867	0.323911	85.0149	564.159
unv1/outfiles/dringfhi_load8_seed3.out	3.0346433647295514	0.32222	61.8042	571.008
unv1/outfiles/dringfhi_load8_seed4.out	3.2169569777953693	0.321463	85.2218	562.363
unv1/outfiles/dringfhi_load8_seed5.out	3.1813541398894647	0.324879	72.8284	570.893
unv1/outfiles/dringfhi_load9_seed1.out	6.302988761614839	0.395022	132.23	1083.32
unv1/outfiles/dringfhi_load9_seed2.out	6.623088784498216	0.397014	130.727	2105.03
unv1/outfiles/dringfhi_load9_seed3.out	6.814863661216312	0.391907	138.541	1150.97
unv1/outfiles/dringfhi_load9_seed4.out	6.937267648061882	0.394194	132.372	2104.1
unv1/outfiles/dringfhi_load9_seed5.out	6.524761234824178	0.390669	137.725	1085.53
unv1/outfiles/dringfhi_load10_seed1.out	17.072585096771167	0.456704	308.627	4161.05
unv1/outfiles/dringfhi_load10_seed2.out	15.884959070547744	0.455964	300.862	4158.32
unv1/outfiles/dringfhi_load10_seed3.out	15.939011782374566	0.455253	301.52	4160.02
unv1/outfiles/dringfhi_load10_seed4.out	16.804067829681074	0.457863	307.894	4159.9
unv1/outfiles/dringfhi_load10_seed5.out	15.58741283711233	0.455515	302.653	4156.9
unv1/outfiles/df2augalg_load1_seed1.out	0.11643737279160052	0.0196874	0.917457	30.5097
unv1/outfiles/df2augalg_load1_seed2.out	0.09133136845612275	0.0194192	0.710379	16.815
unv1/outfiles/df2augalg_load1_seed3.out	0.11793740402988476	0.0196874	1.00372	21.1897
unv1/outfiles/df2augalg_load1_seed4.out	0.13568127711777278	0.0196572	1.10516	37.4327
unv1/outfiles/df2augalg_load1_seed5.out	0.14078361681811333	0.0197718	1.20753	34.4617
unv1/outfiles/df2augalg_load2_seed1.out	1.3487342626201697	0.0298329	35.471	301.172
unv1/outfiles/df2augalg_load2_seed2.out	1.289305600230471	0.0299031	35.4582	298.191
unv1/outfiles/df2augalg_load2_seed3.out	1.1651570859600826	0.0297887	30.211	293.885
unv1/outfiles/df2augalg_load2_seed4.out	1.2745156948731002	0.0295688	31.9679	298.294
unv1/outfiles/df2augalg_load2_seed5.out	1.2072694357401597	0.0300603	31.4146	179.512
unv1/outfiles/df2augalg_load3_seed1.out	24.803371583210346	0.0517582	561.019	8270.53
unv1/outfiles/df2augalg_load3_seed2.out	21.60552419635432	0.0524652	561.456	4162.63
unv1/outfiles/df2augalg_load3_seed3.out	20.446949582461528	0.0509648	559.951	4161.42
unv1/outfiles/df2augalg_load3_seed4.out	23.789242056558614	0.0505943	565.347	4162.79
unv1/outfiles/df2augalg_load3_seed5.out	21.519637079007445	0.0509299	560.352	4168.35
unv1/outfiles/df2augalg_load4_seed1.out	82.2311972670706	0.0912972	2117.17	8280.53
unv1/outfiles/df2augalg_load4_seed2.out	76.50860293806325	0.0884636	2111.82	8280.45
unv1/outfiles/df2augalg_load4_seed3.out	86.46897514256665	0.0895629	2119.2	8284.22
unv1/outfiles/df2augalg_load4_seed4.out	80.9666622309335	0.0912786	2115.67	8279.76
unv1/outfiles/df2augalg_load4_seed5.out	80.57579597019122	0.090651	2115.25	8291.45
unv1/outfiles/df2augalg_load5_seed1.out	126.96806874172411	0.135479	4161.05	8291.59
unv1/outfiles/df2augalg_load5_seed2.out	126.11018406341897	0.131645	4160.65	8292.57
unv1/outfiles/df2augalg_load5_seed3.out	125.45817904680683	0.134552	4160.67	8296.62
unv1/outfiles/df2augalg_load5_seed4.out	122.11249443871559	0.131113	4159.43	8296.26
unv1/outfiles/df2augalg_load5_seed5.out	124.92298563963652	0.133029	4160.29	8296.52
unv1/outfiles/df2augalg_load6_seed1.out	155.91999712567198	0.166732	4170.7	8290.25
unv1/outfiles/df2augalg_load6_seed2.out	153.61783050120678	0.16736	4170.59	8294.33
unv1/outfiles/df2augalg_load6_seed3.out	156.19231185795962	0.168247	4170.91	8291.22
unv1/outfiles/df2augalg_load6_seed4.out	155.21126146450905	0.168573	4170.98	8292.76
unv1/outfiles/df2augalg_load6_seed5.out	155.08309901521952	0.17148	4170.3	8290.97
unv1/outfiles/df2augalg_load7_seed1.out	165.97334987143796	0.235254	4174.82	8314.95
unv1/outfiles/df2augalg_load7_seed2.out	165.440492833015	0.236375	4174.74	8299.27
unv1/outfiles/df2augalg_load7_seed3.out	165.47765882018896	0.233791	4175.12	8313.84
unv1/outfiles/df2augalg_load7_seed4.out	167.07507020448713	0.238427	4175.47	8296.87
unv1/outfiles/df2augalg_load7_seed5.out	165.0353284155628	0.238452	4173.89	8311.79
unv1/outfiles/df2augalg_load8_seed1.out	189.02426553127987	0.278584	4181.11	8319.84
unv1/outfiles/df2augalg_load8_seed2.out	191.02384593881817	0.276761	4180.32	8321.49
unv1/outfiles/df2augalg_load8_seed3.out	188.83152630090365	0.273347	4179.34	8309.93
unv1/outfiles/df2augalg_load8_seed4.out	189.91852042390843	0.276893	4181.31	8310.21
unv1/outfiles/df2augalg_load8_seed5.out	190.47218663671134	0.276768	4181.58	8324.21
unv1/outfiles/df2augalg_load9_seed1.out	209.77803274622946	0.311064	4193.87	8333.37
unv1/outfiles/df2augalg_load9_seed2.out	212.8571134705492	0.310471	4199.33	8330.51
unv1/outfiles/df2augalg_load9_seed3.out	213.0438882212569	0.312837	4199.46	8331.0
unv1/outfiles/df2augalg_load9_seed4.out	216.95907709669646	0.30972	4266.84	8339.74
unv1/outfiles/df2augalg_load9_seed5.out	212.97674435388723	0.311086	4201.0	8337.09
unv1/outfiles/df2augalg_load10_seed1.out	242.08379444859426	0.349786	8252.42	8348.17
unv1/outfiles/df2augalg_load10_seed2.out	239.81998333871857	0.343022	8252.35	8350.71
unv1/outfiles/df2augalg_load10_seed3.out	239.8390522434285	0.351773	8252.42	8343.66
unv1/outfiles/df2augalg_load10_seed4.out	240.15632752813434	0.350908	4437.92	8343.03
unv1/outfiles/df2augalg_load10_seed5.out	237.53997032843486	0.348564	4386.82	8349.83
unv1/outfiles/rrgsu2_load1_seed1.out	0.07545454900245523	0.0478795	0.4125	9.03201
unv1/outfiles/rrgsu2_load1_seed2.out	0.07477819362633711	0.0478239	0.406695	8.42851
unv1/outfiles/rrgsu2_load1_seed3.out	0.07443897948949797	0.0477813	0.406113	8.28721
unv1/outfiles/rrgsu2_load1_seed4.out	0.07472013423542169	0.0477927	0.407665	7.69632
unv1/outfiles/rrgsu2_load1_seed5.out	0.07536072102696588	0.0477368	0.414112	8.53761
unv1/outfiles/rrgsu2_load2_seed1.out	0.09459196139421357	0.0536257	0.527816	10.6005
unv1/outfiles/rrgsu2_load2_seed2.out	0.0943904239374811	0.0535342	0.535329	10.8281
unv1/outfiles/rrgsu2_load2_seed3.out	0.0936821233650055	0.0535641	0.526233	9.70218
unv1/outfiles/rrgsu2_load2_seed4.out	0.09444977855364645	0.0535758	0.541741	10.1348
unv1/outfiles/rrgsu2_load2_seed5.out	0.09664714869374397	0.0536013	0.547854	10.6039
unv1/outfiles/rrgsu2_load3_seed1.out	0.12532960557219422	0.0636914	0.771554	12.4747
unv1/outfiles/rrgsu2_load3_seed2.out	0.12460106079553367	0.0636534	0.764146	11.499
unv1/outfiles/rrgsu2_load3_seed3.out	0.12345204032970333	0.0635917	0.753381	11.586
unv1/outfiles/rrgsu2_load3_seed4.out	0.12608876232334093	0.0636616	0.759286	12.0777
unv1/outfiles/rrgsu2_load3_seed5.out	0.1242010383623977	0.0636257	0.750495	12.17
unv1/outfiles/rrgsu2_load4_seed1.out	0.1656421949634189	0.0776908	1.11151	15.8987
unv1/outfiles/rrgsu2_load4_seed2.out	0.16327608791011056	0.0775871	1.08268	15.1126
unv1/outfiles/rrgsu2_load4_seed3.out	0.16343130610547008	0.0777431	1.08737	14.76
unv1/outfiles/rrgsu2_load4_seed4.out	0.16561644270941211	0.07761	1.13373	15.8098
unv1/outfiles/rrgsu2_load4_seed5.out	0.16850028138562437	0.0777678	1.16955	17.1775
unv1/outfiles/rrgsu2_load5_seed1.out	0.23229578711069687	0.105489	2.35739	21.1274
unv1/outfiles/rrgsu2_load5_seed2.out	0.2318597133806211	0.105024	2.33967	21.8078
unv1/outfiles/rrgsu2_load5_seed3.out	0.2289124685425076	0.105537	2.21268	21.2622
unv1/outfiles/rrgsu2_load5_seed4.out	0.2286555672613928	0.105124	2.27421	21.8799
unv1/outfiles/rrgsu2_load5_seed5.out	0.23109551513737903	0.105386	2.32978	21.4629
unv1/outfiles/rrgsu2_load6_seed1.out	0.3305586924103387	0.14721	5.74289	33.4554
unv1/outfiles/rrgsu2_load6_seed2.out	0.32909962599416337	0.146608	5.64242	31.6482
unv1/outfiles/rrgsu2_load6_seed3.out	0.33069539584854796	0.145544	5.76173	34.0085
unv1/outfiles/rrgsu2_load6_seed4.out	0.3259959080667977	0.145593	5.57562	32.3291
unv1/outfiles/rrgsu2_load6_seed5.out	0.3265856238472925	0.146475	5.44426	34.954
unv1/outfiles/rrgsu2_load7_seed1.out	0.4867731322915744	0.201074	8.95347	50.4431
unv1/outfiles/rrgsu2_load7_seed2.out	0.4934789621764199	0.201204	9.1199	50.6985
unv1/outfiles/rrgsu2_load7_seed3.out	0.4773452409480001	0.200697	8.80822	48.7813
unv1/outfiles/rrgsu2_load7_seed4.out	0.4904944440363419	0.200932	9.0327	55.6057
unv1/outfiles/rrgsu2_load7_seed5.out	0.49572448005418784	0.202122	9.10037	52.8304
unv1/outfiles/rrgsu2_load8_seed1.out	0.8710780366108135	0.26923	13.5709	100.293
unv1/outfiles/rrgsu2_load8_seed2.out	0.868299887165074	0.268508	13.7592	99.4309
unv1/outfiles/rrgsu2_load8_seed3.out	0.8920834070987169	0.268815	14.1411	107.228
unv1/outfiles/rrgsu2_load8_seed4.out	0.8709526064568999	0.268566	13.6758	98.7192
unv1/outfiles/rrgsu2_load8_seed5.out	0.8549288594181881	0.26804	13.149	99.5389
unv1/outfiles/rrgsu2_load9_seed1.out	1.456995771104775	0.338145	24.3721	151.461
unv1/outfiles/rrgsu2_load9_seed2.out	1.4279441802125437	0.338063	23.7916	151.377
unv1/outfiles/rrgsu2_load9_seed3.out	1.43232766973385	0.338738	24.0626	140.011
unv1/outfiles/rrgsu2_load9_seed4.out	1.4394055489139748	0.33973	23.7906	168.726
unv1/outfiles/rrgsu2_load9_seed5.out	1.4233138826073222	0.341673	23.5681	129.608
unv1/outfiles/rrgsu2_load10_seed1.out	2.4977086756779463	0.408814	48.9298	179.921
unv1/outfiles/rrgsu2_load10_seed2.out	2.4965590945578695	0.409199	49.2909	171.818
unv1/outfiles/rrgsu2_load10_seed3.out	2.4918120493017724	0.413072	48.7064	181.599
unv1/outfiles/rrgsu2_load10_seed4.out	2.4904096739196278	0.408732	49.1683	180.089
unv1/outfiles/rrgsu2_load10_seed5.out	2.4599974397610387	0.411446	47.59	170.54
unv1/outfiles/dringracke1four_load1_seed1.out	0.08479281807962051	0.0549476	0.473099	9.32639
unv1/outfiles/dringracke1four_load1_seed2.out	0.08558718650553383	0.0549492	0.48435	9.16138
unv1/outfiles/dringracke1four_load1_seed3.out	0.08703825293297171	0.0549651	0.483456	10.5357
unv1/outfiles/dringracke1four_load1_seed4.out	0.0863439088782073	0.0549642	0.487867	9.54234
unv1/outfiles/dringracke1four_load1_seed5.out	0.08616323173669747	0.0549783	0.482042	9.30344
unv1/outfiles/dringracke1four_load2_seed1.out	0.11902560901499364	0.0629782	0.682478	11.2472
unv1/outfiles/dringracke1four_load2_seed2.out	0.11826007301659532	0.0631291	0.681582	11.3048
unv1/outfiles/dringracke1four_load2_seed3.out	0.11934337220555992	0.0631643	0.700436	11.6495
unv1/outfiles/dringracke1four_load2_seed4.out	0.11891416596810864	0.063018	0.696603	11.2605
unv1/outfiles/dringracke1four_load2_seed5.out	0.1187368868817742	0.0629782	0.682651	12.5052
unv1/outfiles/dringracke1four_load3_seed1.out	0.22097911276505203	0.0814112	2.27946	34.2443
unv1/outfiles/dringracke1four_load3_seed2.out	0.22648016548322408	0.0813323	2.56615	32.1198
unv1/outfiles/dringracke1four_load3_seed3.out	0.2255416573826269	0.0812178	2.41351	33.9142
unv1/outfiles/dringracke1four_load3_seed4.out	0.22685447459881988	0.0813533	2.44689	33.7417
unv1/outfiles/dringracke1four_load3_seed5.out	0.23678175399269916	0.0814572	2.59097	41.8264
unv1/outfiles/dringracke1four_load4_seed1.out	0.5102890527276	0.115924	9.73672	105.005
unv1/outfiles/dringracke1four_load4_seed2.out	0.512988787030262	0.118255	9.93433	98.8311
unv1/outfiles/dringracke1four_load4_seed3.out	0.4920340663168429	0.116601	9.5814	99.9744
unv1/outfiles/dringracke1four_load4_seed4.out	0.5010684481995221	0.116667	9.80776	96.4107
unv1/outfiles/dringracke1four_load4_seed5.out	0.5575187898086319	0.117384	10.3197	108.13
unv1/outfiles/dringracke1four_load5_seed1.out	2.191468187891755	0.175217	52.7571	555.981
unv1/outfiles/dringracke1four_load5_seed2.out	2.195930551019572	0.171282	53.8395	552.659
unv1/outfiles/dringracke1four_load5_seed3.out	2.1471507022485565	0.175276	53.0842	324.622
unv1/outfiles/dringracke1four_load5_seed4.out	2.102651950579322	0.173099	51.7704	340.719
unv1/outfiles/dringracke1four_load5_seed5.out	2.173418256675524	0.174139	54.3249	340.288
unv1/outfiles/dringracke1four_load6_seed1.out	2.3067568315367795	0.23298	59.7895	256.795
unv1/outfiles/dringracke1four_load6_seed2.out	2.2813112945585567	0.235127	58.3185	294.206
unv1/outfiles/dringracke1four_load6_seed3.out	2.342743207483109	0.233402	60.1789	230.584
unv1/outfiles/dringracke1four_load6_seed4.out	2.324750278921548	0.235643	59.3014	280.057
unv1/outfiles/dringracke1four_load6_seed5.out	2.376615625361718	0.231602	61.619	223.781
unv1/outfiles/dringracke1four_load7_seed1.out	9.623341123800596	0.293151	235.887	571.443
unv1/outfiles/dringracke1four_load7_seed2.out	9.602112019074223	0.294524	258.671	570.414
unv1/outfiles/dringracke1four_load7_seed3.out	9.557055937302064	0.293221	248.33	569.873
unv1/outfiles/dringracke1four_load7_seed4.out	9.460988250292003	0.293993	243.392	575.933
unv1/outfiles/dringracke1four_load7_seed5.out	9.412007797193287	0.292143	244.731	564.191
unv1/outfiles/dringracke1four_load8_seed1.out	18.23238892332763	0.349726	331.745	1092.53
unv1/outfiles/dringracke1four_load8_seed2.out	18.042164003441712	0.355773	326.416	1161.1
unv1/outfiles/dringracke1four_load8_seed3.out	18.389685517719855	0.354512	329.663	1147.29
unv1/outfiles/dringracke1four_load8_seed4.out	18.425082099369277	0.352962	332.811	1144.67
unv1/outfiles/dringracke1four_load8_seed5.out	19.073598952044698	0.355466	335.468	2109.73
unv1/outfiles/dringracke1four_load9_seed1.out	38.95776777263992	0.406188	655.857	4160.85
unv1/outfiles/dringracke1four_load9_seed2.out	39.66759058701478	0.405378	628.254	4162.41
unv1/outfiles/dringracke1four_load9_seed3.out	41.0493429942203	0.404619	657.011	4171.15
unv1/outfiles/dringracke1four_load9_seed4.out	40.83840729119565	0.402003	634.167	4170.56
unv1/outfiles/dringracke1four_load9_seed5.out	41.259945951627515	0.400505	660.256	4168.15
unv1/outfiles/dringracke1four_load10_seed1.out	47.314350299121365	0.458887	606.872	2122.19
unv1/outfiles/dringracke1four_load10_seed2.out	47.338674421177146	0.461654	616.415	2121.96
unv1/outfiles/dringracke1four_load10_seed3.out	45.64516751642592	0.459348	582.504	2111.47
unv1/outfiles/dringracke1four_load10_seed4.out	47.34273232492082	0.459647	611.959	2117.14
unv1/outfiles/dringracke1four_load10_seed5.out	46.27386453549631	0.45567	589.001	2113.96
unv1/outfiles/dringwcmpecmp_load1_seed1.out	0.08948143600164547	0.0533969	0.502031	11.0833
unv1/outfiles/dringwcmpecmp_load1_seed2.out	0.09015129446730713	0.0531238	0.51001	11.1881
unv1/outfiles/dringwcmpecmp_load1_seed3.out	0.08747905519141523	0.053278	0.491262	10.877
unv1/outfiles/dringwcmpecmp_load1_seed4.out	0.08968797114006287	0.0534197	0.498328	11.1349
unv1/outfiles/dringwcmpecmp_load1_seed5.out	0.09090526745628595	0.0532964	0.507612	14.8043
unv1/outfiles/dringwcmpecmp_load2_seed1.out	0.4860535530771758	0.0597119	2.42394	170.325
unv1/outfiles/dringwcmpecmp_load2_seed2.out	0.4346070612711227	0.0596641	2.43338	134.16
unv1/outfiles/dringwcmpecmp_load2_seed3.out	0.4799298745305275	0.0596257	2.58827	169.517
unv1/outfiles/dringwcmpecmp_load2_seed4.out	0.4647972369370966	0.0598281	2.26118	168.419
unv1/outfiles/dringwcmpecmp_load2_seed5.out	0.45032945546672126	0.059643	2.36499	165.848
unv1/outfiles/dringwcmpecmp_load3_seed1.out	3.7992246131340845	0.0719182	123.285	1072.75
unv1/outfiles/dringwcmpecmp_load3_seed2.out	3.8489696259105224	0.0715401	133.611	1076.78
unv1/outfiles/dringwcmpecmp_load3_seed3.out	4.12568947936842	0.0717758	127.576	1075.76
unv1/outfiles/dringwcmpecmp_load3_seed4.out	3.812879141647247	0.0718991	121.334	570.176
unv1/outfiles/dringwcmpecmp_load3_seed5.out	3.8160116358110643	0.0719506	136.466	564.98
unv1/outfiles/dringwcmpecmp_load4_seed1.out	26.98536433401662	0.0909615	562.3	8260.4
unv1/outfiles/dringwcmpecmp_load4_seed2.out	25.279412185892088	0.0910431	563.729	8256.24
unv1/outfiles/dringwcmpecmp_load4_seed3.out	25.66216433807185	0.0915708	563.338	8259.79
unv1/outfiles/dringwcmpecmp_load4_seed4.out	28.750479974147023	0.0908575	566.937	8269.67
unv1/outfiles/dringwcmpecmp_load4_seed5.out	24.996154229722663	0.0913789	561.705	8259.75
unv1/outfiles/dringwcmpecmp_load5_seed1.out	52.46458497342594	0.123987	1083.78	8272.66
unv1/outfiles/dringwcmpecmp_load5_seed2.out	51.74220931915701	0.125317	1084.82	8276.8
unv1/outfiles/dringwcmpecmp_load5_seed3.out	53.57371256439142	0.124238	1086.41	8274.09
unv1/outfiles/dringwcmpecmp_load5_seed4.out	52.532391218658084	0.124397	1084.83	8275.59
unv1/outfiles/dringwcmpecmp_load5_seed5.out	51.41309802359702	0.125563	1083.4	8276.51
unv1/outfiles/dringwcmpecmp_load6_seed1.out	67.00402487587654	0.171868	2110.7	8277.45
unv1/outfiles/dringwcmpecmp_load6_seed2.out	67.15236136186373	0.174241	2110.15	8278.73
unv1/outfiles/dringwcmpecmp_load6_seed3.out	65.50498884981769	0.172078	2109.62	8277.65
unv1/outfiles/dringwcmpecmp_load6_seed4.out	67.33302655928338	0.170035	2110.87	8276.68
unv1/outfiles/dringwcmpecmp_load6_seed5.out	66.02287592892263	0.172651	2109.22	8278.69
unv1/outfiles/dringwcmpecmp_load7_seed1.out	86.8396934624341	0.215368	2241.31	8281.5
unv1/outfiles/dringwcmpecmp_load7_seed2.out	85.82916099971114	0.21482	2192.41	8281.02
unv1/outfiles/dringwcmpecmp_load7_seed3.out	87.16278034798545	0.217487	2265.64	8280.55
unv1/outfiles/dringwcmpecmp_load7_seed4.out	87.00406555302685	0.21847	2204.95	8283.24
unv1/outfiles/dringwcmpecmp_load7_seed5.out	84.85674614602922	0.215489	2139.7	8283.17
unv1/outfiles/dringwcmpecmp_load8_seed1.out	92.14632876310503	0.265641	4152.15	8288.69
unv1/outfiles/dringwcmpecmp_load8_seed2.out	93.87631884097624	0.266002	4152.97	8290.32
unv1/outfiles/dringwcmpecmp_load8_seed3.out	92.71223614430579	0.264476	4152.22	8289.38
unv1/outfiles/dringwcmpecmp_load8_seed4.out	93.91283922949596	0.262463	4153.21	8287.19
unv1/outfiles/dringwcmpecmp_load8_seed5.out	91.71102514006441	0.264118	2262.97	8287.74
unv1/outfiles/dringwcmpecmp_load9_seed1.out	98.92272121187325	0.312994	2428.24	8296.52
unv1/outfiles/dringwcmpecmp_load9_seed2.out	100.23749958484518	0.313555	4152.13	8294.95
unv1/outfiles/dringwcmpecmp_load9_seed3.out	99.10795457786652	0.312936	2395.03	8293.68
unv1/outfiles/dringwcmpecmp_load9_seed4.out	98.58194026959484	0.313166	2474.22	8298.33
unv1/outfiles/dringwcmpecmp_load9_seed5.out	100.21245870698186	0.313443	2556.67	8291.98
unv1/outfiles/dringwcmpecmp_load10_seed1.out	104.46940476541347	0.363196	2393.66	8291.52
unv1/outfiles/dringwcmpecmp_load10_seed2.out	105.01243648270487	0.36784	2401.52	8302.68
unv1/outfiles/dringwcmpecmp_load10_seed3.out	104.42530296098244	0.364814	2399.94	8300.52
unv1/outfiles/dringwcmpecmp_load10_seed4.out	104.19872039670398	0.364091	2392.55	8301.55
unv1/outfiles/dringwcmpecmp_load10_seed5.out	104.98831428970415	0.366469	2392.56	8292.08
unv1/outfiles/dringsu2e_load1_seed1.out	0.08181521030052992	0.0537721	0.454641	9.04678
unv1/outfiles/dringsu2e_load1_seed2.out	0.07991728361974475	0.0537721	0.434711	7.4179
unv1/outfiles/dringsu2e_load1_seed3.out	0.08114161506936586	0.0537721	0.442928	9.74626
unv1/outfiles/dringsu2e_load1_seed4.out	0.08118175866842692	0.0537721	0.444054	9.19958
unv1/outfiles/dringsu2e_load1_seed5.out	0.0812210301166428	0.0537721	0.447787	9.04473
unv1/outfiles/dringsu2e_load2_seed1.out	0.10102494228591835	0.0598739	0.559153	10.7981
unv1/outfiles/dringsu2e_load2_seed2.out	0.10180791674285165	0.059847	0.555472	10.6405
unv1/outfiles/dringsu2e_load2_seed3.out	0.10198910844126545	0.0598996	0.570784	10.7601
unv1/outfiles/dringsu2e_load2_seed4.out	0.10328522469098378	0.059863	0.568251	11.0866
unv1/outfiles/dringsu2e_load2_seed5.out	0.10109887294200333	0.0598534	0.559042	10.3211
unv1/outfiles/dringsu2e_load3_seed1.out	0.1411101629582742	0.0716109	0.883962	12.7968
unv1/outfiles/dringsu2e_load3_seed2.out	0.1431166603365476	0.0716968	0.886377	13.4655
unv1/outfiles/dringsu2e_load3_seed3.out	0.14048084477195075	0.0716122	0.879106	12.7493
unv1/outfiles/dringsu2e_load3_seed4.out	0.14148483979405246	0.0714736	0.889599	12.7077
unv1/outfiles/dringsu2e_load3_seed5.out	0.14174898638805178	0.071733	0.871116	13.7372
unv1/outfiles/dringsu2e_load4_seed1.out	0.19613612727701052	0.0904433	1.55496	20.3326
unv1/outfiles/dringsu2e_load4_seed2.out	0.19258139450242587	0.0900236	1.48995	17.4719
unv1/outfiles/dringsu2e_load4_seed3.out	0.19557606250729798	0.0903252	1.51822	19.3933
unv1/outfiles/dringsu2e_load4_seed4.out	0.19232866521772685	0.090341	1.43571	18.6101
unv1/outfiles/dringsu2e_load4_seed5.out	0.19552017904414115	0.0903505	1.54954	19.9799
unv1/outfiles/dringsu2e_load5_seed1.out	0.2991357451161455	0.125894	4.76869	32.6871
unv1/outfiles/dringsu2e_load5_seed2.out	0.2998155886448129	0.127305	4.934	30.4593
unv1/outfiles/dringsu2e_load5_seed3.out	0.2965819452602239	0.125714	4.56357	33.6286
unv1/outfiles/dringsu2e_load5_seed4.out	0.2921259780491025	0.126489	4.46965	29.4581
unv1/outfiles/dringsu2e_load5_seed5.out	0.29244856576551953	0.125849	4.43734	29.8053
unv1/outfiles/dringsu2e_load6_seed1.out	0.5328042743114019	0.185873	9.92145	67.6173
unv1/outfiles/dringsu2e_load6_seed2.out	0.5220475622312004	0.185328	9.78978	66.4184
unv1/outfiles/dringsu2e_load6_seed3.out	0.5212198643450094	0.185003	9.72445	66.0742
unv1/outfiles/dringsu2e_load6_seed4.out	0.5225618986729148	0.184671	9.89961	60.3437
unv1/outfiles/dringsu2e_load6_seed5.out	0.5134343595481362	0.185683	9.71752	60.0724
unv1/outfiles/dringsu2e_load7_seed1.out	1.0290513390169012	0.246552	19.83	117.966
unv1/outfiles/dringsu2e_load7_seed2.out	1.0785320055791423	0.246623	20.3826	119.886
unv1/outfiles/dringsu2e_load7_seed3.out	1.0390379093067608	0.247868	20.1032	107.491
unv1/outfiles/dringsu2e_load7_seed4.out	1.022961045556736	0.247652	19.5671	118.228
unv1/outfiles/dringsu2e_load7_seed5.out	1.0872708377706661	0.250202	20.3183	153.444
unv1/outfiles/dringsu2e_load8_seed1.out	2.245986265516703	0.305339	52.0719	180.08
unv1/outfiles/dringsu2e_load8_seed2.out	2.2324658553806453	0.305707	51.3648	180.363
unv1/outfiles/dringsu2e_load8_seed3.out	2.279711670652162	0.302559	53.746	180.794
unv1/outfiles/dringsu2e_load8_seed4.out	2.2861345791893544	0.30547	53.1699	180.847
unv1/outfiles/dringsu2e_load8_seed5.out	2.2358833537127834	0.307757	50.6393	180.353
unv1/outfiles/dringsu2e_load9_seed1.out	4.632987657882183	0.364512	103.861	299.087
unv1/outfiles/dringsu2e_load9_seed2.out	4.716379336544779	0.363487	105.149	299.317
unv1/outfiles/dringsu2e_load9_seed3.out	4.624048064921486	0.362666	103.628	297.946
unv1/outfiles/dringsu2e_load9_seed4.out	4.673772219585204	0.367601	104.645	296.83
unv1/outfiles/dringsu2e_load9_seed5.out	4.706030649810228	0.366177	105.065	293.299
unv1/outfiles/dringsu2e_load10_seed1.out	8.373083961137098	0.424967	167.778	323.725
unv1/outfiles/dringsu2e_load10_seed2.out	8.349135513367816	0.421731	167.89	332.425
unv1/outfiles/dringsu2e_load10_seed3.out	8.261295978043433	0.422708	167.601	329.37
unv1/outfiles/dringsu2e_load10_seed4.out	8.585897393660687	0.423185	168.211	330.335
unv1/outfiles/dringsu2e_load10_seed5.out	8.55443656739105	0.426719	168.289	332.835
