outfiles/dringsu2_sw140_seed1.out	0.5039675908895203	0.100932	10.2321	69.3605
outfiles/dringsu2_sw140_seed2.out	0.49540381225430513	0.101186	10.1056	61.7904
outfiles/dringsu2_sw140_seed3.out	0.49626334488867657	0.101468	10.1034	62.0927
outfiles/dringsu2_sw140_seed4.out	0.4987195763017679	0.101247	10.1035	68.5311
outfiles/dringsu2_sw140_seed5.out	0.48146510837839823	0.101057	10.0573	59.7512
outfiles/dringsu2_sw160_seed1.out	6.8769288790190055	0.114766	28.6557	8262.43
outfiles/dringsu2_sw160_seed2.out	7.383579657428566	0.116146	29.3378	8265.02
outfiles/dringsu2_sw160_seed3.out	7.132181745052815	0.114562	29.6251	8263.99
outfiles/dringsu2_sw160_seed4.out	6.684799085972224	0.114951	28.6309	8262.08
outfiles/dringsu2_sw160_seed5.out	7.379472251251496	0.11518	29.6124	8264.26
outfiles/rrgsu2_sw140_seed1.out	0.3890074388107058	0.0906644	8.45853	51.9519
outfiles/rrgsu2_sw140_seed2.out	0.39462629679946454	0.090836	8.78439	54.071
outfiles/rrgsu2_sw140_seed3.out	0.39120466820697436	0.0909157	8.58463	50.0287
outfiles/rrgsu2_sw140_seed4.out	0.39539548158875665	0.0905494	8.65223	57.8153
outfiles/rrgsu2_sw140_seed5.out	0.3930613435824369	0.0906522	8.71691	49.3746
outfiles/rrgsu2_sw160_seed1.out	1.4425329853013213	0.102463	22.3681	1074.77
outfiles/rrgsu2_sw160_seed2.out	1.3990584831820263	0.102271	22.3166	1074.61
outfiles/rrgsu2_sw160_seed3.out	1.295048153971828	0.102658	21.3728	564.139
outfiles/rrgsu2_sw160_seed4.out	1.294595919715525	0.102407	20.7682	568.924
outfiles/rrgsu2_sw160_seed5.out	1.4806037975943067	0.102692	21.0322	1075.45
outfiles/dringsu2_sw40_seed1.out	0.1546261001030015	0.0637117	0.956311	21.1504
outfiles/dringsu2_sw40_seed2.out	0.1363036550985742	0.0640009	0.877352	14.0172
outfiles/dringsu2_sw40_seed3.out	0.14026048275357322	0.0635743	0.958835	15.3474
outfiles/dringsu2_sw40_seed4.out	0.13845194303655556	0.0638747	0.87111	16.3805
outfiles/dringsu2_sw40_seed5.out	0.1472430475252533	0.0642334	0.890071	16.0573
outfiles/dringsu2_sw60_seed1.out	0.108048796275786	0.0584188	0.644663	11.5445
outfiles/dringsu2_sw60_seed2.out	0.10690972261694649	0.0582246	0.617411	11.2882
outfiles/dringsu2_sw60_seed3.out	0.1118072509436393	0.058416	0.645915	13.3628
outfiles/dringsu2_sw60_seed4.out	0.10812478455063342	0.0583315	0.649453	11.24
outfiles/dringsu2_sw60_seed5.out	0.10943959978953989	0.0582421	0.643909	11.9232
outfiles/dringsu2_sw80_seed1.out	0.11755083971622153	0.0596047	0.692516	13.7045
outfiles/dringsu2_sw80_seed2.out	0.11330697484814091	0.0595434	0.66631	11.5959
outfiles/dringsu2_sw80_seed3.out	0.11550067768084073	0.0595955	0.669625	11.6494
outfiles/dringsu2_sw80_seed4.out	0.11586177355750911	0.0593894	0.675265	13.2712
outfiles/dringsu2_sw80_seed5.out	0.11310730927146379	0.0596257	0.648698	11.9023
outfiles/dringsu2_sw100_seed1.out	0.14951925105576924	0.0662244	1.02484	17.072
outfiles/dringsu2_sw100_seed2.out	0.14714877152885128	0.0663307	0.96898	14.6078
outfiles/dringsu2_sw100_seed3.out	0.14916760957588535	0.0663307	0.97082	15.601
outfiles/dringsu2_sw100_seed4.out	0.15318107323017313	0.0663307	1.02936	15.5202
outfiles/dringsu2_sw100_seed5.out	0.14902480966863468	0.0663418	0.9841	16.7049
outfiles/dringsu2_sw120_seed1.out	0.323770357527739	0.0838617	6.9316	39.6486
outfiles/dringsu2_sw120_seed2.out	0.3231326697192251	0.083833	6.99174	37.548
outfiles/dringsu2_sw120_seed3.out	0.3383166310717955	0.0838446	7.46761	44.267
outfiles/dringsu2_sw120_seed4.out	0.33306165645322805	0.0838272	7.18184	40.091
outfiles/dringsu2_sw120_seed5.out	0.33580600954636225	0.0839397	7.31257	46.2614
outfiles/rrgsu2_sw40_seed1.out	0.14932274523629505	0.0612074	0.983596	22.8429
outfiles/rrgsu2_sw40_seed2.out	0.1378001039285094	0.0615849	0.899948	13.8302
outfiles/rrgsu2_sw40_seed3.out	0.14055581286131683	0.0618	0.938079	17.5993
outfiles/rrgsu2_sw40_seed4.out	0.1370135160422762	0.0616564	0.861038	19.0466
outfiles/rrgsu2_sw40_seed5.out	0.134870091665233	0.0615793	0.877049	16.5848
outfiles/rrgsu2_sw60_seed1.out	0.1211473394672556	0.0542463	0.743377	19.4367
outfiles/rrgsu2_sw60_seed2.out	0.1149627012228059	0.05411	0.697172	16.4224
outfiles/rrgsu2_sw60_seed3.out	0.11468149064428361	0.0538443	0.706303	14.3756
outfiles/rrgsu2_sw60_seed4.out	0.1266818028890341	0.0542932	0.766604	19.6788
outfiles/rrgsu2_sw60_seed5.out	0.11629397609005677	0.053821	0.731053	16.2735
outfiles/rrgsu2_sw80_seed1.out	0.10668935588189805	0.0548789	0.626693	11.1987
outfiles/rrgsu2_sw80_seed2.out	0.10327760572430185	0.0548864	0.604652	10.7834
outfiles/rrgsu2_sw80_seed3.out	0.1057941425563443	0.0549304	0.611355	11.0773
outfiles/rrgsu2_sw80_seed4.out	0.10760039458917221	0.0549565	0.637493	11.1487
outfiles/rrgsu2_sw80_seed5.out	0.10678466194722955	0.055056	0.642336	11.0745
outfiles/rrgsu2_sw100_seed1.out	0.1839364558924773	0.0665061	1.60379	22.7407
outfiles/rrgsu2_sw100_seed2.out	0.19133285342195194	0.0663307	1.65952	28.3024
outfiles/rrgsu2_sw100_seed3.out	0.18436085428247126	0.0664201	1.58291	22.5309
outfiles/rrgsu2_sw100_seed4.out	0.18410715586277462	0.0664488	1.55319	24.2749
outfiles/rrgsu2_sw100_seed5.out	0.18269845479517433	0.0663758	1.52584	24.6852
outfiles/rrgsu2_sw120_seed1.out	0.22967075752966365	0.0759563	3.00937	26.2494
outfiles/rrgsu2_sw120_seed2.out	0.2335747395157473	0.0757088	3.12036	28.9802
outfiles/rrgsu2_sw120_seed3.out	0.23455018450948834	0.0759248	3.08193	29.7221
outfiles/rrgsu2_sw120_seed4.out	0.2406907089393002	0.0759011	3.42543	31.1594
outfiles/rrgsu2_sw120_seed5.out	0.23662115743971796	0.075898	3.30395	30.0123
outfiles/ls_sw40_seed1.out	0.17259745219453554	0.0683562	1.34505	20.9056
outfiles/ls_sw40_seed2.out	0.17460222995188238	0.0684254	1.26603	23.292
outfiles/ls_sw40_seed3.out	0.17603749882454053	0.067788	1.25878	19.8316
outfiles/ls_sw40_seed4.out	0.18097496044681258	0.0685942	1.4789	19.2352
outfiles/ls_sw40_seed5.out	0.18392631383914756	0.0682994	1.5904	20.6376
outfiles/ls_sw60_seed1.out	0.14578675536768348	0.0610801	1.02536	16.8907
outfiles/ls_sw60_seed2.out	0.1426477101518221	0.0610256	0.957525	18.0547
outfiles/ls_sw60_seed3.out	0.1513028720594268	0.0609536	1.08225	17.292
outfiles/ls_sw60_seed4.out	0.14860005185849212	0.0611906	1.05851	17.9706
outfiles/ls_sw60_seed5.out	0.1496280081026709	0.0610288	1.0163	18.3699
outfiles/ls_sw80_seed1.out	0.20404475334656152	0.0659278	2.24436	22.09
outfiles/ls_sw80_seed2.out	0.20485670077764614	0.0659447	2.29605	26.2447
outfiles/ls_sw80_seed3.out	0.212216052636945	0.0656229	2.71045	26.3054
outfiles/ls_sw80_seed4.out	0.21045734386835688	0.0658239	2.5653	25.6601
outfiles/ls_sw80_seed5.out	0.20720656066405613	0.0659817	2.40373	23.9213
outfiles/ls_sw100_seed1.out	0.30491453557892195	0.074321	6.81596	37.9744
outfiles/ls_sw100_seed2.out	0.30638240212243056	0.0744997	6.87527	36.5762
outfiles/ls_sw100_seed3.out	0.30487313861294946	0.074353	6.74183	38.3142
outfiles/ls_sw100_seed4.out	0.2971353156573093	0.07447	6.58937	35.3853
outfiles/ls_sw100_seed5.out	0.2952957736436364	0.0743998	6.51529	35.6949
