prv1/outfiles/leafspine_load1_seed1.out	0.09224821357912251	0.0504852	0.532317	9.93833
prv1/outfiles/leafspine_load1_seed2.out	0.09601073978289859	0.0504465	0.546788	10.6671
prv1/outfiles/leafspine_load1_seed3.out	0.09441497144608024	0.0503307	0.545219	11.0201
prv1/outfiles/leafspine_load1_seed4.out	0.09619019922205	0.050369	0.545603	11.0726
prv1/outfiles/leafspine_load1_seed5.out	0.0961096391180377	0.0505165	0.55199	11.0229
prv1/outfiles/leafspine_load2_seed1.out	0.20824096335853381	0.0667259	2.45787	28.3975
prv1/outfiles/leafspine_load2_seed2.out	0.2066810120359517	0.0663612	2.37174	25.2844
prv1/outfiles/leafspine_load2_seed3.out	0.21109779256042724	0.0663307	2.52203	27.0696
prv1/outfiles/leafspine_load2_seed4.out	0.21244974293761995	0.0663652	2.60608	27.8449
prv1/outfiles/leafspine_load2_seed5.out	0.21214825605564805	0.0664687	2.4912	24.6938
prv1/outfiles/leafspine_load3_seed1.out	0.7589472252988667	0.0859399	18.7947	61.976
prv1/outfiles/leafspine_load3_seed2.out	0.7866899179955146	0.0865886	19.4437	69.4468
prv1/outfiles/leafspine_load3_seed3.out	0.7684518445056734	0.0863514	18.5509	60.7245
prv1/outfiles/leafspine_load3_seed4.out	0.7803423270514427	0.0862056	19.0796	63.1838
prv1/outfiles/leafspine_load3_seed5.out	0.7869507759086829	0.0859104	19.1716	61.9983
prv1/outfiles/leafspine_load4_seed1.out	2.9218554557783314	0.116559	58.0804	415.149
prv1/outfiles/leafspine_load4_seed2.out	2.9802233926361072	0.116797	58.6314	430.036
prv1/outfiles/leafspine_load4_seed3.out	2.953262351990386	0.117944	58.1581	432.979
prv1/outfiles/leafspine_load4_seed4.out	3.0166133375394524	0.11798	58.86	413.727
prv1/outfiles/leafspine_load4_seed5.out	2.9781308447294617	0.116395	58.5404	430.045
prv1/outfiles/leafspine_load5_seed1.out	7.400184385916903	0.168455	106.98	432.819
prv1/outfiles/leafspine_load5_seed2.out	7.648386810353304	0.167497	108.666	436.23
prv1/outfiles/leafspine_load5_seed3.out	7.537213304652213	0.167196	108.31	433.925
prv1/outfiles/leafspine_load5_seed4.out	7.642208448029915	0.167175	109.35	430.181
prv1/outfiles/leafspine_load5_seed5.out	7.605569654325093	0.166772	109.83	433.262
prv1/outfiles/leafspine_load6_seed1.out	15.482401783046832	0.231612	189.906	452.779
prv1/outfiles/leafspine_load6_seed2.out	15.475035597465778	0.232182	187.871	440.336
prv1/outfiles/leafspine_load6_seed3.out	15.476711152092028	0.234636	188.93	478.911
prv1/outfiles/leafspine_load6_seed4.out	15.624847997141678	0.233652	192.753	439.785
prv1/outfiles/leafspine_load6_seed5.out	15.788406358014553	0.233008	291.856	557.242
prv1/outfiles/leafspine_load7_seed1.out	31.363442482959005	0.29101	554.968	1079.27
prv1/outfiles/leafspine_load7_seed2.out	31.809592691265436	0.291698	555.83	1080.55
prv1/outfiles/leafspine_load7_seed3.out	31.607211273610506	0.289372	555.582	1080.68
prv1/outfiles/leafspine_load7_seed4.out	31.750382422388668	0.290146	555.493	1081.31
prv1/outfiles/leafspine_load7_seed5.out	31.714442638401618	0.287652	555.565	1081.34
prv1/outfiles/leafspine_load8_seed1.out	59.23976368227052	0.348343	1076.9	2111.59
prv1/outfiles/leafspine_load8_seed2.out	59.05801809657361	0.350116	1076.73	2112.0
prv1/outfiles/leafspine_load8_seed3.out	59.08763674213541	0.346881	1076.96	2111.76
prv1/outfiles/leafspine_load8_seed4.out	59.08205908083447	0.349377	1076.67	2112.28
prv1/outfiles/leafspine_load8_seed5.out	59.62084729458465	0.348161	1077.27	2111.86
prv1/outfiles/leafspine_load9_seed1.out	107.9068522830506	0.395151	2107.73	4167.74
prv1/outfiles/leafspine_load9_seed2.out	110.32771023113098	0.392933	2108.58	4166.39
prv1/outfiles/leafspine_load9_seed3.out	110.52984516324048	0.393899	2108.69	4168.34
prv1/outfiles/leafspine_load9_seed4.out	112.58643440743599	0.39607	2109.53	4170.06
prv1/outfiles/leafspine_load9_seed5.out	110.46476998013956	0.396064	2108.72	4168.66
prv1/outfiles/leafspine_load10_seed1.out	173.2164136078369	0.440066	4153.73	8264.4
prv1/outfiles/leafspine_load10_seed2.out	172.5960382374998	0.439826	4153.89	8263.34
prv1/outfiles/leafspine_load10_seed3.out	170.84265158339792	0.438208	4153.63	8262.31
prv1/outfiles/leafspine_load10_seed4.out	172.12811506040708	0.44006	4153.99	8262.47
prv1/outfiles/leafspine_load10_seed5.out	170.02432647250606	0.439855	4153.5	8262.43
prv1/outfiles/dringsu2_load1_seed1.out	0.08161933885885879	0.0527014	0.442928	9.44777
prv1/outfiles/dringsu2_load1_seed2.out	0.08100780489154723	0.0527374	0.436338	10.18
prv1/outfiles/dringsu2_load1_seed3.out	0.08123029039386334	0.052744	0.433335	8.97101
prv1/outfiles/dringsu2_load1_seed4.out	0.08057894869524376	0.0526844	0.433466	8.58734
prv1/outfiles/dringsu2_load1_seed5.out	0.08183973066370558	0.052744	0.443348	10.3628
prv1/outfiles/dringsu2_load2_seed1.out	0.10492830215398329	0.0588503	0.594044	10.6879
prv1/outfiles/dringsu2_load2_seed2.out	0.10600282512404677	0.0589714	0.60674	10.8515
prv1/outfiles/dringsu2_load2_seed3.out	0.10574256542794093	0.0588416	0.59661	10.7825
prv1/outfiles/dringsu2_load2_seed4.out	0.10453309174573004	0.0588422	0.596861	10.7577
prv1/outfiles/dringsu2_load2_seed5.out	0.10512895889237935	0.0588571	0.599597	10.8327
prv1/outfiles/dringsu2_load3_seed1.out	0.1430900771549687	0.0670911	0.923451	16.0096
prv1/outfiles/dringsu2_load3_seed2.out	0.14201035214577448	0.0672695	0.899818	14.6492
prv1/outfiles/dringsu2_load3_seed3.out	0.14135116344492019	0.0670936	0.898709	14.4612
prv1/outfiles/dringsu2_load3_seed4.out	0.1420119550015773	0.0674482	0.902463	13.3842
prv1/outfiles/dringsu2_load3_seed5.out	0.140741150282233	0.0673614	0.892309	14.0445
prv1/outfiles/dringsu2_load4_seed1.out	0.21343130649786468	0.0807119	2.15518	24.5371
prv1/outfiles/dringsu2_load4_seed2.out	0.21044429248485508	0.0806559	2.01154	23.7232
prv1/outfiles/dringsu2_load4_seed3.out	0.2079208311545191	0.0807944	1.96652	22.7959
prv1/outfiles/dringsu2_load4_seed4.out	0.2118081340798618	0.0808318	2.04203	24.3543
prv1/outfiles/dringsu2_load4_seed5.out	0.2115698359110404	0.0807088	2.1065	24.5246
prv1/outfiles/dringsu2_load5_seed1.out	0.31794382289042805	0.100645	6.43359	33.4433
prv1/outfiles/dringsu2_load5_seed2.out	0.3241630486589701	0.100516	6.66849	33.6377
prv1/outfiles/dringsu2_load5_seed3.out	0.32185608217853584	0.100144	6.44061	34.9765
prv1/outfiles/dringsu2_load5_seed4.out	0.31589432341046997	0.100341	6.31918	31.3471
prv1/outfiles/dringsu2_load5_seed5.out	0.31921577904900433	0.100554	6.42147	33.4116
prv1/outfiles/dringsu2_load6_seed1.out	0.7106844090638016	0.124981	14.4259	99.9913
prv1/outfiles/dringsu2_load6_seed2.out	0.704651447391934	0.125633	14.5481	94.0578
prv1/outfiles/dringsu2_load6_seed3.out	0.6960364306410829	0.12452	14.2928	71.053
prv1/outfiles/dringsu2_load6_seed4.out	0.7141588851511881	0.124534	14.7541	99.9626
prv1/outfiles/dringsu2_load6_seed5.out	0.7000611382790306	0.125439	14.4385	94.2377
prv1/outfiles/dringsu2_load7_seed1.out	1.0165650355718312	0.14942	21.2157	351.366
prv1/outfiles/dringsu2_load7_seed2.out	1.0300139344170156	0.15121	21.5284	364.611
prv1/outfiles/dringsu2_load7_seed3.out	0.99576724598958	0.149901	21.0396	300.018
prv1/outfiles/dringsu2_load7_seed4.out	1.0125744573195048	0.150607	21.1377	367.793
prv1/outfiles/dringsu2_load7_seed5.out	1.006003758916563	0.150904	20.9218	354.094
prv1/outfiles/dringsu2_load8_seed1.out	1.8640124038106263	0.181644	42.0613	374.672
prv1/outfiles/dringsu2_load8_seed2.out	1.8440905423262839	0.181596	41.83	368.058
prv1/outfiles/dringsu2_load8_seed3.out	1.8616792560327753	0.182912	41.2029	375.874
prv1/outfiles/dringsu2_load8_seed4.out	1.8709161614842842	0.181032	42.9724	360.052
prv1/outfiles/dringsu2_load8_seed5.out	1.854209713209386	0.181126	41.5353	362.294
prv1/outfiles/dringsu2_load9_seed1.out	2.915301514944634	0.218154	57.9789	411.173
prv1/outfiles/dringsu2_load9_seed2.out	2.9285434308974563	0.218233	58.1907	395.795
prv1/outfiles/dringsu2_load9_seed3.out	2.912669781628961	0.218446	58.1356	390.052
prv1/outfiles/dringsu2_load9_seed4.out	2.9628271299207993	0.219206	58.4286	410.012
prv1/outfiles/dringsu2_load9_seed5.out	2.9299599238768614	0.218692	58.1566	412.161
prv1/outfiles/dringsu2_load10_seed1.out	4.789197610047269	0.251867	95.439	417.561
prv1/outfiles/dringsu2_load10_seed2.out	4.76023269294065	0.251869	95.1528	419.292
prv1/outfiles/dringsu2_load10_seed3.out	4.751630246582887	0.251654	95.0926	418.199
prv1/outfiles/dringsu2_load10_seed4.out	4.734019187184074	0.253232	94.7918	419.994
prv1/outfiles/dringsu2_load10_seed5.out	4.7775712595025706	0.25172	95.1837	415.72
prv1/outfiles/dringecmp_load1_seed1.out	0.07951884002523057	0.0515371	0.440053	9.01974
prv1/outfiles/dringecmp_load1_seed2.out	0.07865118647741169	0.0515371	0.432323	9.61613
prv1/outfiles/dringecmp_load1_seed3.out	0.08012861597725489	0.0515371	0.440079	10.3097
prv1/outfiles/dringecmp_load1_seed4.out	0.08016669401912041	0.0515371	0.442437	10.4537
prv1/outfiles/dringecmp_load1_seed5.out	0.07939883261895153	0.0515502	0.445549	9.2006
prv1/outfiles/dringecmp_load2_seed1.out	0.1049473211371483	0.0565005	0.615313	11.0282
prv1/outfiles/dringecmp_load2_seed2.out	0.10513128051388099	0.0565633	0.630878	10.9391
prv1/outfiles/dringecmp_load2_seed3.out	0.10606554075398308	0.0564756	0.629911	11.0551
prv1/outfiles/dringecmp_load2_seed4.out	0.10491995125275821	0.0564756	0.610908	10.9347
prv1/outfiles/dringecmp_load2_seed5.out	0.10420924444266216	0.0564769	0.608307	11.0122
prv1/outfiles/dringecmp_load3_seed1.out	0.1438737419191757	0.0647948	0.955836	16.2648
prv1/outfiles/dringecmp_load3_seed2.out	0.14200219166752803	0.0648644	0.935747	13.6719
prv1/outfiles/dringecmp_load3_seed3.out	0.14775579088803475	0.064821	1.00248	17.2172
prv1/outfiles/dringecmp_load3_seed4.out	0.14375857657224594	0.0650051	0.932653	15.1683
prv1/outfiles/dringecmp_load3_seed5.out	0.14301428206041894	0.0649795	0.921133	15.2007
prv1/outfiles/dringecmp_load4_seed1.out	0.24253550469508264	0.0796348	3.35943	30.908
prv1/outfiles/dringecmp_load4_seed2.out	0.2558739661029473	0.079487	3.66348	37.9395
prv1/outfiles/dringecmp_load4_seed3.out	0.23631416470139835	0.0795008	2.91481	30.1029
prv1/outfiles/dringecmp_load4_seed4.out	0.2435322465419752	0.0793544	3.21549	33.1603
prv1/outfiles/dringecmp_load4_seed5.out	0.24151848520676839	0.0795384	3.29503	32.3133
prv1/outfiles/dringecmp_load5_seed1.out	0.4158960225021713	0.09908	8.79127	70.7756
prv1/outfiles/dringecmp_load5_seed2.out	0.4086116439701654	0.0991595	8.9034	50.4058
prv1/outfiles/dringecmp_load5_seed3.out	0.404367652298257	0.0992887	8.77438	56.1141
prv1/outfiles/dringecmp_load5_seed4.out	0.4214518266766817	0.0990333	8.93252	60.7969
prv1/outfiles/dringecmp_load5_seed5.out	0.4199541156290856	0.099283	9.17103	54.923
prv1/outfiles/dringecmp_load6_seed1.out	0.8076842083758433	0.128226	18.1136	99.2329
prv1/outfiles/dringecmp_load6_seed2.out	0.8241633192353116	0.127637	18.6782	100.146
prv1/outfiles/dringecmp_load6_seed3.out	0.8235138910726204	0.129165	18.4818	105.295
prv1/outfiles/dringecmp_load6_seed4.out	0.811033628527833	0.127531	18.4517	92.9959
prv1/outfiles/dringecmp_load6_seed5.out	0.8198380472649565	0.127749	18.6124	96.6996
prv1/outfiles/dringecmp_load7_seed1.out	1.3188526595169483	0.15221	29.7792	360.211
prv1/outfiles/dringecmp_load7_seed2.out	1.3108425346450197	0.15163	30.068	279.662
prv1/outfiles/dringecmp_load7_seed3.out	1.3031701688662025	0.151676	29.73	316.206
prv1/outfiles/dringecmp_load7_seed4.out	1.3204806150416084	0.151452	29.9697	367.386
prv1/outfiles/dringecmp_load7_seed5.out	1.3073393154743018	0.151216	29.5485	280.451
prv1/outfiles/dringecmp_load8_seed1.out	3.071205254189944	0.190515	62.2346	458.972
prv1/outfiles/dringecmp_load8_seed2.out	3.0646032097269136	0.19131	63.0395	378.643
prv1/outfiles/dringecmp_load8_seed3.out	3.0712918832529033	0.190523	61.8109	438.332
prv1/outfiles/dringecmp_load8_seed4.out	2.9957132750111146	0.190638	60.8038	419.504
prv1/outfiles/dringecmp_load8_seed5.out	3.0138680987021598	0.190522	61.873	414.572
prv1/outfiles/dringecmp_load9_seed1.out	4.068074354683237	0.22695	89.7503	411.834
prv1/outfiles/dringecmp_load9_seed2.out	4.074254776341653	0.227072	81.6249	412.714
prv1/outfiles/dringecmp_load9_seed3.out	4.028054680739169	0.225522	84.7879	404.928
prv1/outfiles/dringecmp_load9_seed4.out	4.021380675130345	0.226655	79.0896	408.878
prv1/outfiles/dringecmp_load9_seed5.out	4.074581614153394	0.228445	89.0051	400.067
prv1/outfiles/dringecmp_load10_seed1.out	6.972991261287889	0.266832	112.798	469.351
prv1/outfiles/dringecmp_load10_seed2.out	6.918391290069227	0.266379	111.214	509.17
prv1/outfiles/dringecmp_load10_seed3.out	6.953038879973231	0.265816	111.759	475.348
prv1/outfiles/dringecmp_load10_seed4.out	6.873431295115145	0.266493	111.267	439.47
prv1/outfiles/dringecmp_load10_seed5.out	6.944622160639509	0.267032	111.203	469.069
prv1/outfiles/dringfatpaths_load1_seed1.out	0.16064411924701444	0.0783816	0.972267	17.4049
prv1/outfiles/dringfatpaths_load1_seed2.out	0.1622967373936671	0.0784744	1.05624	18.8291
prv1/outfiles/dringfatpaths_load1_seed3.out	0.17071255350211212	0.078694	1.15665	19.5374
prv1/outfiles/dringfatpaths_load1_seed4.out	0.16002130342805007	0.0787634	1.01042	16.0404
prv1/outfiles/dringfatpaths_load1_seed5.out	0.17549399848658026	0.0786616	1.21339	26.4606
prv1/outfiles/dringfatpaths_load2_seed1.out	1.0469578947762013	0.13256	28.5183	164.092
prv1/outfiles/dringfatpaths_load2_seed2.out	0.986041083851455	0.132443	28.0556	101.343
prv1/outfiles/dringfatpaths_load2_seed3.out	0.973688789323556	0.13205	27.1722	107.606
prv1/outfiles/dringfatpaths_load2_seed4.out	1.0459145817194668	0.133183	29.5375	231.721
prv1/outfiles/dringfatpaths_load2_seed5.out	1.0733482226908762	0.132961	30.5962	111.519
prv1/outfiles/dringfatpaths_load3_seed1.out	6.952579673626337	0.232673	166.795	1081.14
prv1/outfiles/dringfatpaths_load3_seed2.out	6.545873984608009	0.233024	166.177	1077.22
prv1/outfiles/dringfatpaths_load3_seed3.out	6.057136693887555	0.230656	140.278	576.004
prv1/outfiles/dringfatpaths_load3_seed4.out	6.485711800558876	0.234231	165.674	1077.04
prv1/outfiles/dringfatpaths_load3_seed5.out	6.6055550819492375	0.235034	165.834	1081.33
prv1/outfiles/dringfatpaths_load4_seed1.out	15.079989129752773	0.342314	298.739	2111.8
prv1/outfiles/dringfatpaths_load4_seed2.out	14.284951249605474	0.341638	298.849	1093.76
prv1/outfiles/dringfatpaths_load4_seed3.out	14.401332411512636	0.341163	298.926	2104.27
prv1/outfiles/dringfatpaths_load4_seed4.out	14.514583374866469	0.337229	298.884	2103.15
prv1/outfiles/dringfatpaths_load4_seed5.out	14.895076819931608	0.338575	300.073	2107.52
prv1/outfiles/dringfatpaths_load5_seed1.out	31.713203620126553	0.450158	559.532	2111.47
prv1/outfiles/dringfatpaths_load5_seed2.out	32.418821995707944	0.455725	561.013	2117.54
prv1/outfiles/dringfatpaths_load5_seed3.out	31.59532703355663	0.454297	559.692	2111.58
prv1/outfiles/dringfatpaths_load5_seed4.out	33.01486533327965	0.451996	560.696	2121.84
prv1/outfiles/dringfatpaths_load5_seed5.out	32.41606323022398	0.453685	560.308	2118.56
prv1/outfiles/dringfatpaths_load6_seed1.out	51.35164717834276	0.554437	657.863	2142.96
prv1/outfiles/dringfatpaths_load6_seed2.out	51.912662864376415	0.555427	755.112	2142.42
prv1/outfiles/dringfatpaths_load6_seed3.out	51.810239464191255	0.557512	938.94	2259.36
prv1/outfiles/dringfatpaths_load6_seed4.out	52.429194056768736	0.556591	735.388	2177.49
prv1/outfiles/dringfatpaths_load6_seed5.out	51.790550214311594	0.558398	746.907	2147.76
prv1/outfiles/dringfatpaths_load7_seed1.out	78.2765401439157	0.668068	1080.91	4161.36
prv1/outfiles/dringfatpaths_load7_seed2.out	77.9579412271541	0.667342	1081.11	4166.01
prv1/outfiles/dringfatpaths_load7_seed3.out	78.35640584526118	0.668422	1081.39	4168.94
prv1/outfiles/dringfatpaths_load7_seed4.out	78.17844305492268	0.663905	1081.07	4163.21
prv1/outfiles/dringfatpaths_load7_seed5.out	78.45864718272408	0.666879	1081.68	4164.51
prv1/outfiles/dringfatpaths_load8_seed1.out	122.11944289684457	0.864798	2041.12	4201.74
prv1/outfiles/dringfatpaths_load8_seed2.out	122.20284977738929	0.872249	2102.56	4310.88
prv1/outfiles/dringfatpaths_load8_seed3.out	120.56899461728709	0.867359	2007.73	4291.12
prv1/outfiles/dringfatpaths_load8_seed4.out	121.46850975348522	0.868725	2002.53	4189.38
prv1/outfiles/dringfatpaths_load8_seed5.out	120.57431788905963	0.867873	1917.04	4183.08
prv1/outfiles/dringfatpaths_load9_seed1.out	171.06915630274682	1.14822	2113.2	8264.4
prv1/outfiles/dringfatpaths_load9_seed2.out	171.6571464327701	1.15302	2114.06	8261.33
prv1/outfiles/dringfatpaths_load9_seed3.out	167.34178367580313	1.14869	2111.85	8260.76
prv1/outfiles/dringfatpaths_load9_seed4.out	170.02957488835614	1.14876	2113.78	8260.97
prv1/outfiles/dringfatpaths_load9_seed5.out	170.00477291058894	1.15539	2112.74	8267.11
prv1/outfiles/dringfatpaths_load10_seed1.out	206.39947021766878	1.71887	2159.19	8279.67
prv1/outfiles/dringfatpaths_load10_seed2.out	207.7272465552672	1.67615	2165.71	8279.49
prv1/outfiles/dringfatpaths_load10_seed3.out	205.72144283703227	1.69841	2155.83	8279.42
prv1/outfiles/dringfatpaths_load10_seed4.out	208.8819849662351	1.71806	2188.45	8283.46
prv1/outfiles/dringfatpaths_load10_seed5.out	206.34796712745595	1.68879	2170.52	8280.03
prv1/outfiles/dringfhi_load1_seed1.out	0.09594974325861597	0.0642622	0.486372	9.48205
prv1/outfiles/dringfhi_load1_seed2.out	0.09461848608891485	0.0642164	0.474988	9.03668
prv1/outfiles/dringfhi_load1_seed3.out	0.09544138773437923	0.0642164	0.486698	10.1113
prv1/outfiles/dringfhi_load1_seed4.out	0.09483566379982462	0.0642288	0.479948	9.80699
prv1/outfiles/dringfhi_load1_seed5.out	0.09546913795572058	0.0642758	0.479205	9.86169
prv1/outfiles/dringfhi_load2_seed1.out	0.12518624465290012	0.0729224	0.678068	11.2383
prv1/outfiles/dringfhi_load2_seed2.out	0.12636222451364537	0.0731835	0.693611	11.3563
prv1/outfiles/dringfhi_load2_seed3.out	0.12562273314735306	0.0731972	0.682356	11.5056
prv1/outfiles/dringfhi_load2_seed4.out	0.12340303649169841	0.0729446	0.677039	11.1917
prv1/outfiles/dringfhi_load2_seed5.out	0.12483153368119586	0.0730247	0.684811	11.2454
prv1/outfiles/dringfhi_load3_seed1.out	0.17142160238647722	0.0862902	1.12684	16.768
prv1/outfiles/dringfhi_load3_seed2.out	0.16977133172512948	0.0863044	1.11182	15.9919
prv1/outfiles/dringfhi_load3_seed3.out	0.1729330060546149	0.0865003	1.14828	16.5356
prv1/outfiles/dringfhi_load3_seed4.out	0.17505794336644287	0.0865436	1.17299	17.6469
prv1/outfiles/dringfhi_load3_seed5.out	0.17051598140246765	0.0867146	1.09032	14.3924
prv1/outfiles/dringfhi_load4_seed1.out	0.27644676333755036	0.108451	3.88385	27.2623
prv1/outfiles/dringfhi_load4_seed2.out	0.27928498151794046	0.108059	4.0991	28.5915
prv1/outfiles/dringfhi_load4_seed3.out	0.2772770204280508	0.108079	3.9835	30.0426
prv1/outfiles/dringfhi_load4_seed4.out	0.2770069445741644	0.10882	3.83615	30.343
prv1/outfiles/dringfhi_load4_seed5.out	0.2867548203975413	0.107777	4.29444	34.2407
prv1/outfiles/dringfhi_load5_seed1.out	0.4365644651281943	0.136284	8.79582	40.9831
prv1/outfiles/dringfhi_load5_seed2.out	0.4373085398015676	0.135148	9.07128	40.4071
prv1/outfiles/dringfhi_load5_seed3.out	0.4288194852091914	0.136721	8.7174	39.2037
prv1/outfiles/dringfhi_load5_seed4.out	0.4232649244259287	0.136372	8.66863	38.9936
prv1/outfiles/dringfhi_load5_seed5.out	0.4331553045340813	0.136386	8.79193	38.8326
prv1/outfiles/dringfhi_load6_seed1.out	1.0696329258245165	0.174318	21.7914	180.294
prv1/outfiles/dringfhi_load6_seed2.out	1.0373336506873927	0.177432	20.7413	294.741
prv1/outfiles/dringfhi_load6_seed3.out	1.017214842446001	0.17589	20.9874	101.573
prv1/outfiles/dringfhi_load6_seed4.out	1.0630138091989807	0.17454	21.6196	171.435
prv1/outfiles/dringfhi_load6_seed5.out	1.0298130282477733	0.174548	21.3425	102.048
prv1/outfiles/dringfhi_load7_seed1.out	1.6099935743423823	0.211052	33.5114	375.925
prv1/outfiles/dringfhi_load7_seed2.out	1.6083722047296354	0.208872	33.5835	374.136
prv1/outfiles/dringfhi_load7_seed3.out	1.5753168965532178	0.211111	32.0205	381.529
prv1/outfiles/dringfhi_load7_seed4.out	1.6303386694402073	0.212132	34.6609	377.552
prv1/outfiles/dringfhi_load7_seed5.out	1.6217158145450554	0.211141	34.3488	390.032
prv1/outfiles/dringfhi_load8_seed1.out	2.9697887848504045	0.252184	58.4766	377.423
prv1/outfiles/dringfhi_load8_seed2.out	2.949182437359697	0.253648	58.089	389.324
prv1/outfiles/dringfhi_load8_seed3.out	2.9912175599705173	0.251994	58.399	409.293
prv1/outfiles/dringfhi_load8_seed4.out	3.007555786674324	0.253143	58.7577	390.042
prv1/outfiles/dringfhi_load8_seed5.out	2.92006256032338	0.251876	57.8159	390.369
prv1/outfiles/dringfhi_load9_seed1.out	4.659457483895284	0.299271	83.9415	414.804
prv1/outfiles/dringfhi_load9_seed2.out	4.7328426913780435	0.298901	86.3796	417.69
prv1/outfiles/dringfhi_load9_seed3.out	4.69613614108944	0.300035	91.0459	420.362
prv1/outfiles/dringfhi_load9_seed4.out	4.706041442766674	0.30164	92.1041	410.018
prv1/outfiles/dringfhi_load9_seed5.out	4.720830518924164	0.301013	88.2371	415.332
prv1/outfiles/dringfhi_load10_seed1.out	8.490261120333406	0.352589	140.11	556.84
prv1/outfiles/dringfhi_load10_seed2.out	8.510577851535572	0.352039	139.982	554.061
prv1/outfiles/dringfhi_load10_seed3.out	8.501988420585123	0.351601	139.29	561.252
prv1/outfiles/dringfhi_load10_seed4.out	8.572637842990666	0.351435	147.441	558.561
prv1/outfiles/dringfhi_load10_seed5.out	8.715874319918287	0.352624	160.76	558.821
prv1/outfiles/df2augalg_load1_seed1.out	0.14508017658779096	0.0213806	1.1892	38.9901
prv1/outfiles/df2augalg_load1_seed2.out	0.14433269163614554	0.021535	0.993549	43.8177
prv1/outfiles/df2augalg_load1_seed3.out	0.16428661231944663	0.0215632	1.09389	53.4039
prv1/outfiles/df2augalg_load1_seed4.out	0.1727638830177924	0.0216596	1.21023	57.5384
prv1/outfiles/df2augalg_load1_seed5.out	0.1485948732802088	0.0215954	0.986671	57.6339
prv1/outfiles/df2augalg_load2_seed1.out	1.4866384681175708	0.0398277	52.7507	300.556
prv1/outfiles/df2augalg_load2_seed2.out	1.5220016172073496	0.0396071	53.3094	300.807
prv1/outfiles/df2augalg_load2_seed3.out	1.5851333456258359	0.0398198	53.4653	301.177
prv1/outfiles/df2augalg_load2_seed4.out	1.427711505344824	0.0394598	44.0175	301.078
prv1/outfiles/df2augalg_load2_seed5.out	1.4824131319879097	0.0394764	52.8295	300.333
prv1/outfiles/df2augalg_load3_seed1.out	19.281988714049934	0.0855776	551.707	4180.44
prv1/outfiles/df2augalg_load3_seed2.out	17.320751806666557	0.0865859	326.453	4161.2
prv1/outfiles/df2augalg_load3_seed3.out	19.38459850891043	0.0831974	319.96	8260.6
prv1/outfiles/df2augalg_load3_seed4.out	19.02374617700266	0.0839011	552.621	4171.56
prv1/outfiles/df2augalg_load3_seed5.out	18.4430448747987	0.0834085	318.62	4172.51
prv1/outfiles/df2augalg_load4_seed1.out	16.824963936725236	0.127722	297.658	8271.0
prv1/outfiles/df2augalg_load4_seed2.out	16.300843350996058	0.123859	296.999	8270.66
prv1/outfiles/df2augalg_load4_seed3.out	16.178817848098774	0.126677	295.49	8269.41
prv1/outfiles/df2augalg_load4_seed4.out	16.59119167402207	0.12567	296.496	8270.14
prv1/outfiles/df2augalg_load4_seed5.out	14.700508573476915	0.12558	191.207	8267.93
prv1/outfiles/df2augalg_load5_seed1.out	55.967519315785545	0.196235	1093.14	8288.11
prv1/outfiles/df2augalg_load5_seed2.out	59.51052743983411	0.197546	1101.56	8287.0
prv1/outfiles/df2augalg_load5_seed3.out	57.97052137094298	0.198132	1098.79	8287.93
prv1/outfiles/df2augalg_load5_seed4.out	57.33755413487227	0.199478	1095.88	8290.05
prv1/outfiles/df2augalg_load5_seed5.out	57.84498014313855	0.197566	1101.46	8285.31
prv1/outfiles/df2augalg_load6_seed1.out	79.50510357060453	0.254841	2109.6	8282.31
prv1/outfiles/df2augalg_load6_seed2.out	78.55699796729708	0.252316	2108.7	8282.85
prv1/outfiles/df2augalg_load6_seed3.out	81.23183810064408	0.250766	2110.28	8281.56
prv1/outfiles/df2augalg_load6_seed4.out	80.83669416183687	0.25301	2110.16	8284.21
prv1/outfiles/df2augalg_load6_seed5.out	77.58382718590194	0.25314	2108.74	8281.25
prv1/outfiles/df2augalg_load7_seed1.out	92.81044649204215	0.310981	2111.83	8285.26
prv1/outfiles/df2augalg_load7_seed2.out	92.84775791663348	0.309756	2111.75	8284.46
prv1/outfiles/df2augalg_load7_seed3.out	92.24405533181314	0.310172	2111.31	8283.65
prv1/outfiles/df2augalg_load7_seed4.out	90.47664656296598	0.31047	2110.97	8285.84
prv1/outfiles/df2augalg_load7_seed5.out	91.13806364110029	0.309195	2110.71	8287.06
prv1/outfiles/df2augalg_load8_seed1.out	100.32913461757667	0.366917	2111.21	8290.55
prv1/outfiles/df2augalg_load8_seed2.out	96.65975577193623	0.366694	2109.69	8287.81
prv1/outfiles/df2augalg_load8_seed3.out	98.06740271410409	0.366547	2110.37	8288.76
prv1/outfiles/df2augalg_load8_seed4.out	98.87243281707238	0.367859	2110.91	8287.73
prv1/outfiles/df2augalg_load8_seed5.out	98.022477656552	0.367129	2109.6	8290.05
prv1/outfiles/df2augalg_load9_seed1.out	125.75228297230385	0.433413	2133.11	8291.16
prv1/outfiles/df2augalg_load9_seed2.out	125.05287502073223	0.436616	2129.9	8291.02
prv1/outfiles/df2augalg_load9_seed3.out	126.39781225204091	0.434511	2141.73	8291.13
prv1/outfiles/df2augalg_load9_seed4.out	126.3041956329675	0.433902	2138.26	8290.51
prv1/outfiles/df2augalg_load9_seed5.out	124.9860934527776	0.433565	2138.28	8290.98
prv1/outfiles/df2augalg_load10_seed1.out	150.26304269054364	0.470369	4154.13	8291.39
prv1/outfiles/df2augalg_load10_seed2.out	149.07792978819256	0.46995	4153.11	8290.76
prv1/outfiles/df2augalg_load10_seed3.out	148.68481166711948	0.467852	4153.12	8290.64
prv1/outfiles/df2augalg_load10_seed4.out	149.20766688913653	0.469399	4153.35	8291.06
prv1/outfiles/df2augalg_load10_seed5.out	147.77187997403337	0.468095	4152.03	8292.27
prv1/outfiles/rrgsu2_load1_seed1.out	0.07734334975325285	0.0479467	0.435285	7.79585
prv1/outfiles/rrgsu2_load1_seed2.out	0.07830243204274111	0.0479467	0.445555	8.34639
prv1/outfiles/rrgsu2_load1_seed3.out	0.07876397645224927	0.0479467	0.438726	10.0507
prv1/outfiles/rrgsu2_load1_seed4.out	0.0780676338188475	0.0479467	0.432252	8.01967
prv1/outfiles/rrgsu2_load1_seed5.out	0.07819838170774061	0.0479467	0.439623	8.55592
prv1/outfiles/rrgsu2_load2_seed1.out	0.10854296816915487	0.0553389	0.635808	11.3458
prv1/outfiles/rrgsu2_load2_seed2.out	0.1120143585242669	0.0552361	0.66286	12.4533
prv1/outfiles/rrgsu2_load2_seed3.out	0.10937857981083622	0.0550953	0.641619	12.7741
prv1/outfiles/rrgsu2_load2_seed4.out	0.10966285441677719	0.0553772	0.640118	11.432
prv1/outfiles/rrgsu2_load2_seed5.out	0.11131606348558387	0.0553843	0.651254	11.9061
prv1/outfiles/rrgsu2_load3_seed1.out	0.22781564562415585	0.0662491	2.10925	58.6169
prv1/outfiles/rrgsu2_load3_seed2.out	0.21946907255895606	0.0659963	2.29417	39.8044
prv1/outfiles/rrgsu2_load3_seed3.out	0.22071522118433273	0.0661342	2.05797	41.3065
prv1/outfiles/rrgsu2_load3_seed4.out	0.2101783878376899	0.0662367	1.86515	38.2259
prv1/outfiles/rrgsu2_load3_seed5.out	0.2262756283983388	0.066051	2.11239	44.3443
prv1/outfiles/rrgsu2_load4_seed1.out	0.28937414431064573	0.0770323	5.19328	46.5388
prv1/outfiles/rrgsu2_load4_seed2.out	0.30014864922299644	0.0772851	5.56824	55.0612
prv1/outfiles/rrgsu2_load4_seed3.out	0.28999795326839395	0.0771447	5.15517	55.3767
prv1/outfiles/rrgsu2_load4_seed4.out	0.2829423851819481	0.0772649	5.31407	37.2824
prv1/outfiles/rrgsu2_load4_seed5.out	0.28689699255940954	0.0772408	5.19354	46.0802
prv1/outfiles/rrgsu2_load5_seed1.out	0.9643017526309762	0.0965842	20.2757	296.439
prv1/outfiles/rrgsu2_load5_seed2.out	0.9236743341269449	0.0965902	20.3594	179.142
prv1/outfiles/rrgsu2_load5_seed3.out	0.9422690745333092	0.0966759	20.2397	180.325
prv1/outfiles/rrgsu2_load5_seed4.out	0.9036065139407748	0.0961636	20.2368	179.185
prv1/outfiles/rrgsu2_load5_seed5.out	1.0114418625630441	0.0954711	20.6318	300.167
prv1/outfiles/rrgsu2_load6_seed1.out	0.9569631429692755	0.12046	20.8707	173.599
prv1/outfiles/rrgsu2_load6_seed2.out	0.970100632364	0.120659	21.3638	172.519
prv1/outfiles/rrgsu2_load6_seed3.out	0.9800861964301806	0.119882	21.2326	179.105
prv1/outfiles/rrgsu2_load6_seed4.out	0.9889366653703374	0.120172	21.1609	178.089
prv1/outfiles/rrgsu2_load6_seed5.out	1.0158890647700538	0.119646	22.2319	175.786
prv1/outfiles/rrgsu2_load7_seed1.out	3.182418198096102	0.149485	68.4744	585.871
prv1/outfiles/rrgsu2_load7_seed2.out	3.162552287734277	0.147766	70.2013	562.376
prv1/outfiles/rrgsu2_load7_seed3.out	3.0213886084852515	0.147998	62.9993	570.901
prv1/outfiles/rrgsu2_load7_seed4.out	3.2634715098963247	0.150664	66.4463	1079.1
prv1/outfiles/rrgsu2_load7_seed5.out	3.187957131629928	0.14836	67.1644	566.949
prv1/outfiles/rrgsu2_load8_seed1.out	4.514077610871708	0.180532	94.4605	2101.83
prv1/outfiles/rrgsu2_load8_seed2.out	4.653959352588246	0.181661	95.0646	2102.81
prv1/outfiles/rrgsu2_load8_seed3.out	4.68985712709725	0.181554	95.2844	2102.66
prv1/outfiles/rrgsu2_load8_seed4.out	5.084287003697818	0.181243	94.908	2126.45
prv1/outfiles/rrgsu2_load8_seed5.out	4.626054272152655	0.182044	95.5472	1103.36
prv1/outfiles/rrgsu2_load9_seed1.out	7.357310646324776	0.201162	119.718	2121.84
prv1/outfiles/rrgsu2_load9_seed2.out	7.885180995836011	0.203588	120.917	4163.36
prv1/outfiles/rrgsu2_load9_seed3.out	7.0941008475808305	0.202084	110.264	4153.08
prv1/outfiles/rrgsu2_load9_seed4.out	7.1337918842132755	0.201926	112.031	4152.67
prv1/outfiles/rrgsu2_load9_seed5.out	7.222828234238117	0.202068	112.634	4153.41
prv1/outfiles/rrgsu2_load10_seed1.out	9.092120960796436	0.23929	169.038	1077.21
prv1/outfiles/rrgsu2_load10_seed2.out	9.262998707009102	0.236426	168.96	1081.26
prv1/outfiles/rrgsu2_load10_seed3.out	9.164601009311376	0.239382	168.487	1078.01
prv1/outfiles/rrgsu2_load10_seed4.out	9.021520064694572	0.239264	168.494	1072.0
prv1/outfiles/rrgsu2_load10_seed5.out	9.206866596118552	0.239018	168.951	1081.25
prv1/outfiles/dringracke1four_load1_seed1.out	0.09239638167560507	0.0539788	0.516983	10.9153
prv1/outfiles/dringracke1four_load1_seed2.out	0.0896506788502147	0.0539509	0.494697	9.87351
prv1/outfiles/dringracke1four_load1_seed3.out	0.08969824637516391	0.054097	0.502863	9.75478
prv1/outfiles/dringracke1four_load1_seed4.out	0.09125197904404737	0.0539211	0.513627	11.8968
prv1/outfiles/dringracke1four_load1_seed5.out	0.09374868141320976	0.0541263	0.517883	10.9939
prv1/outfiles/dringracke1four_load2_seed1.out	0.15189757037381732	0.0622575	1.02607	22.8075
prv1/outfiles/dringracke1four_load2_seed2.out	0.1437320146197756	0.0624549	0.931551	17.4756
prv1/outfiles/dringracke1four_load2_seed3.out	0.1504012710645982	0.0623846	1.01281	20.6624
prv1/outfiles/dringracke1four_load2_seed4.out	0.14300393822520366	0.0623017	0.927602	18.9758
prv1/outfiles/dringracke1four_load2_seed5.out	0.14418039284810888	0.0622972	0.944294	17.8269
prv1/outfiles/dringracke1four_load3_seed1.out	0.3759783142099631	0.0746715	7.64063	70.8315
prv1/outfiles/dringracke1four_load3_seed2.out	0.4122151185102298	0.0749003	8.09797	95.5915
prv1/outfiles/dringracke1four_load3_seed3.out	0.3744215546392044	0.0750684	7.56296	92.7114
prv1/outfiles/dringracke1four_load3_seed4.out	0.41467351588487855	0.0750828	8.32356	98.6569
prv1/outfiles/dringracke1four_load3_seed5.out	0.4156544070418243	0.0752469	8.35838	99.3407
prv1/outfiles/dringracke1four_load4_seed1.out	0.9157721057733652	0.0954887	22.4941	113.273
prv1/outfiles/dringracke1four_load4_seed2.out	0.9148992131101327	0.0949711	21.2208	166.945
prv1/outfiles/dringracke1four_load4_seed3.out	0.9501740517084112	0.0947324	22.8888	171.496
prv1/outfiles/dringracke1four_load4_seed4.out	0.9091156206930606	0.0951943	21.931	169.193
prv1/outfiles/dringracke1four_load4_seed5.out	0.8991388537781193	0.0953321	21.3533	164.011
prv1/outfiles/dringracke1four_load5_seed1.out	1.7343293859300086	0.128521	46.7276	378.815
prv1/outfiles/dringracke1four_load5_seed2.out	1.7779955475296387	0.130236	48.094	373.051
prv1/outfiles/dringracke1four_load5_seed3.out	1.6919715095370749	0.128946	45.2465	392.265
prv1/outfiles/dringracke1four_load5_seed4.out	1.7285498197102775	0.128794	46.9246	376.887
prv1/outfiles/dringracke1four_load5_seed5.out	1.7427979582756912	0.130441	47.8477	376.75
prv1/outfiles/dringracke1four_load6_seed1.out	4.222669471403711	0.164638	100.873	1073.86
prv1/outfiles/dringracke1four_load6_seed2.out	4.031964698230861	0.165187	99.8759	1075.8
prv1/outfiles/dringracke1four_load6_seed3.out	4.084652856921043	0.165976	100.456	581.773
prv1/outfiles/dringracke1four_load6_seed4.out	4.275480361354717	0.164215	100.635	1077.77
prv1/outfiles/dringracke1four_load6_seed5.out	4.384482824939483	0.164152	100.442	1089.47
prv1/outfiles/dringracke1four_load7_seed1.out	6.174677652296913	0.204936	138.174	1083.48
prv1/outfiles/dringracke1four_load7_seed2.out	6.274918520933562	0.2039	137.242	1090.8
prv1/outfiles/dringracke1four_load7_seed3.out	6.10735440283156	0.205449	134.159	1091.46
prv1/outfiles/dringracke1four_load7_seed4.out	6.238206216378948	0.205724	131.692	2102.57
prv1/outfiles/dringracke1four_load7_seed5.out	6.418240015207812	0.204282	140.008	2104.22
prv1/outfiles/dringracke1four_load8_seed1.out	11.69042030506432	0.248333	238.264	2120.64
prv1/outfiles/dringracke1four_load8_seed2.out	11.578402552813413	0.249234	229.708	4154.52
prv1/outfiles/dringracke1four_load8_seed3.out	11.462093689297134	0.249331	231.511	2113.71
prv1/outfiles/dringracke1four_load8_seed4.out	11.65342662759917	0.249247	249.084	2131.06
prv1/outfiles/dringracke1four_load8_seed5.out	11.381843781731941	0.248928	233.725	2114.75
prv1/outfiles/dringracke1four_load9_seed1.out	16.871928230870527	0.292794	298.115	8254.12
prv1/outfiles/dringracke1four_load9_seed2.out	16.649074295420075	0.292087	297.777	8254.82
prv1/outfiles/dringracke1four_load9_seed3.out	17.210044877546416	0.292014	299.143	8255.68
prv1/outfiles/dringracke1four_load9_seed4.out	16.39313750015797	0.29405	296.764	8253.92
prv1/outfiles/dringracke1four_load9_seed5.out	16.926790956678175	0.292542	297.17	8255.62
prv1/outfiles/dringracke1four_load10_seed1.out	22.91415856112403	0.339537	341.369	4162.1
prv1/outfiles/dringracke1four_load10_seed2.out	22.930828588485056	0.337637	341.176	4164.09
prv1/outfiles/dringracke1four_load10_seed3.out	22.430484262166253	0.339168	339.484	4156.29
prv1/outfiles/dringracke1four_load10_seed4.out	22.930086337598944	0.338256	339.016	4168.15
prv1/outfiles/dringracke1four_load10_seed5.out	23.13933556975308	0.339605	338.745	4167.37
prv1/outfiles/dringwcmpecmp_load1_seed1.out	0.08014809169312424	0.0516384	0.447605	9.27569
prv1/outfiles/dringwcmpecmp_load1_seed2.out	0.07977605203186605	0.0516563	0.446801	9.04215
prv1/outfiles/dringwcmpecmp_load1_seed3.out	0.07983224736210226	0.0516037	0.443029	9.01329
prv1/outfiles/dringwcmpecmp_load1_seed4.out	0.08069122549622716	0.0516563	0.444452	10.2284
prv1/outfiles/dringwcmpecmp_load1_seed5.out	0.08011685186004032	0.0516265	0.450621	8.92574
prv1/outfiles/dringwcmpecmp_load2_seed1.out	0.1122723009369807	0.0572623	0.654161	11.1553
prv1/outfiles/dringwcmpecmp_load2_seed2.out	0.10984109543018795	0.0573165	0.650094	11.1541
prv1/outfiles/dringwcmpecmp_load2_seed3.out	0.10781584532802968	0.0571544	0.62703	11.144
prv1/outfiles/dringwcmpecmp_load2_seed4.out	0.10870713734956933	0.0572438	0.644459	10.7804
prv1/outfiles/dringwcmpecmp_load2_seed5.out	0.11004208906679382	0.0572438	0.659981	11.1414
prv1/outfiles/dringwcmpecmp_load3_seed1.out	0.15790071018253526	0.0670038	1.12638	18.2345
prv1/outfiles/dringwcmpecmp_load3_seed2.out	0.1563301142983854	0.0668932	1.1181	17.3437
prv1/outfiles/dringwcmpecmp_load3_seed3.out	0.15464204019177116	0.0671143	1.05438	16.434
prv1/outfiles/dringwcmpecmp_load3_seed4.out	0.15682280070903604	0.0669338	1.08958	17.4077
prv1/outfiles/dringwcmpecmp_load3_seed5.out	0.15464430870803786	0.0670773	1.07369	16.8639
prv1/outfiles/dringwcmpecmp_load4_seed1.out	0.2785084561509736	0.0839713	4.95906	36.8333
prv1/outfiles/dringwcmpecmp_load4_seed2.out	0.2759299090584221	0.0844656	4.97807	33.3276
prv1/outfiles/dringwcmpecmp_load4_seed3.out	0.28471733198155896	0.0841387	5.38299	35.124
prv1/outfiles/dringwcmpecmp_load4_seed4.out	0.27670617933129554	0.0839153	5.02001	34.8284
prv1/outfiles/dringwcmpecmp_load4_seed5.out	0.27968751958152344	0.0840585	5.28505	33.1236
prv1/outfiles/dringwcmpecmp_load5_seed1.out	0.5730104882658308	0.108452	11.4254	61.7093
prv1/outfiles/dringwcmpecmp_load5_seed2.out	0.5506124721796446	0.109378	11.0677	60.6915
prv1/outfiles/dringwcmpecmp_load5_seed3.out	0.5812928172519735	0.109979	11.4642	73.1929
prv1/outfiles/dringwcmpecmp_load5_seed4.out	0.5525139595805287	0.109187	11.2203	58.9382
prv1/outfiles/dringwcmpecmp_load5_seed5.out	0.5750439136844204	0.110489	11.4299	69.6847
prv1/outfiles/dringwcmpecmp_load6_seed1.out	1.1953973044213633	0.142322	29.5559	108.831
prv1/outfiles/dringwcmpecmp_load6_seed2.out	1.1891598699839423	0.142866	29.2158	111.244
prv1/outfiles/dringwcmpecmp_load6_seed3.out	1.229927677358337	0.142927	30.0887	213.904
prv1/outfiles/dringwcmpecmp_load6_seed4.out	1.1346572377905721	0.142064	28.2547	106.587
prv1/outfiles/dringwcmpecmp_load6_seed5.out	1.1998505110684263	0.142017	28.8489	171.493
prv1/outfiles/dringwcmpecmp_load7_seed1.out	2.41547482579823	0.176998	58.0612	378.69
prv1/outfiles/dringwcmpecmp_load7_seed2.out	2.447292860409157	0.175779	58.2408	370.047
prv1/outfiles/dringwcmpecmp_load7_seed3.out	2.3657773096719414	0.17674	57.2102	375.086
prv1/outfiles/dringwcmpecmp_load7_seed4.out	2.325262359963307	0.176083	56.741	338.901
prv1/outfiles/dringwcmpecmp_load7_seed5.out	2.3922109208490254	0.17498	57.4158	372.961
prv1/outfiles/dringwcmpecmp_load8_seed1.out	4.3469847862378765	0.217381	97.1769	379.008
prv1/outfiles/dringwcmpecmp_load8_seed2.out	4.300634000312598	0.217977	96.7449	372.475
prv1/outfiles/dringwcmpecmp_load8_seed3.out	4.257104530549108	0.216401	96.3677	375.349
prv1/outfiles/dringwcmpecmp_load8_seed4.out	4.323615910753757	0.215969	97.1661	379.06
prv1/outfiles/dringwcmpecmp_load8_seed5.out	4.309293361088855	0.218257	96.4856	390.031
prv1/outfiles/dringwcmpecmp_load9_seed1.out	7.530906261589414	0.260245	163.817	566.546
prv1/outfiles/dringwcmpecmp_load9_seed2.out	7.426099547725334	0.258738	163.075	562.149
prv1/outfiles/dringwcmpecmp_load9_seed3.out	7.4654647094940865	0.258268	163.552	567.076
prv1/outfiles/dringwcmpecmp_load9_seed4.out	7.557732475793094	0.261279	164.036	565.093
prv1/outfiles/dringwcmpecmp_load9_seed5.out	7.244823722411159	0.259048	162.35	559.852
prv1/outfiles/dringwcmpecmp_load10_seed1.out	11.521988708544885	0.298511	179.079	1079.33
prv1/outfiles/dringwcmpecmp_load10_seed2.out	11.687491025130404	0.297016	179.72	1080.28
prv1/outfiles/dringwcmpecmp_load10_seed3.out	11.475054891791116	0.300098	179.53	1078.4
prv1/outfiles/dringwcmpecmp_load10_seed4.out	11.514994635708685	0.297948	179.227	1076.84
prv1/outfiles/dringwcmpecmp_load10_seed5.out	11.46012337404758	0.30085	178.971	1078.53
prv1/outfiles/dringsu2e_load1_seed1.out	0.08194102505863322	0.0528805	0.441895	9.44581
prv1/outfiles/dringsu2e_load1_seed2.out	0.08194506426705164	0.0529963	0.44506	9.52811
prv1/outfiles/dringsu2e_load1_seed3.out	0.08359417592834319	0.0528505	0.450061	10.4186
prv1/outfiles/dringsu2e_load1_seed4.out	0.081416804053581	0.0528989	0.439025	8.54949
prv1/outfiles/dringsu2e_load1_seed5.out	0.08170923722016737	0.0528036	0.445535	8.89459
prv1/outfiles/dringsu2e_load2_seed1.out	0.11033323012237803	0.0596257	0.640645	11.1941
prv1/outfiles/dringsu2e_load2_seed2.out	0.1068302060639	0.0596699	0.609376	11.0151
prv1/outfiles/dringsu2e_load2_seed3.out	0.10811782644300531	0.0596257	0.616488	11.1068
prv1/outfiles/dringsu2e_load2_seed4.out	0.10780046105905688	0.0596257	0.623219	10.8241
prv1/outfiles/dringsu2e_load2_seed5.out	0.10770580296532425	0.0596257	0.62407	10.7411
prv1/outfiles/dringsu2e_load3_seed1.out	0.14610689524443474	0.0686356	0.931592	13.2297
prv1/outfiles/dringsu2e_load3_seed2.out	0.1476633565889141	0.0686769	0.927783	14.4873
prv1/outfiles/dringsu2e_load3_seed3.out	0.14538106600795933	0.0686426	0.923028	14.4888
prv1/outfiles/dringsu2e_load3_seed4.out	0.1464012226165292	0.0689579	0.948795	13.502
prv1/outfiles/dringsu2e_load3_seed5.out	0.1464818478519629	0.0685989	0.939492	14.5628
prv1/outfiles/dringsu2e_load4_seed1.out	0.2318853731191956	0.0843001	2.68994	26.5289
prv1/outfiles/dringsu2e_load4_seed2.out	0.23068793260140902	0.0846405	2.65134	26.1386
prv1/outfiles/dringsu2e_load4_seed3.out	0.22682286089668763	0.0849438	2.48969	24.6134
prv1/outfiles/dringsu2e_load4_seed4.out	0.23403707725437764	0.0848853	2.75409	28.6233
prv1/outfiles/dringsu2e_load4_seed5.out	0.23422860190150044	0.0846082	2.82287	25.1514
prv1/outfiles/dringsu2e_load5_seed1.out	0.37778217569961947	0.108214	7.9237	41.2481
prv1/outfiles/dringsu2e_load5_seed2.out	0.37954947034362757	0.108235	8.19917	39.0109
prv1/outfiles/dringsu2e_load5_seed3.out	0.38512791610676994	0.10786	8.30256	40.9447
prv1/outfiles/dringsu2e_load5_seed4.out	0.36378810213466517	0.108139	7.69103	38.3639
prv1/outfiles/dringsu2e_load5_seed5.out	0.3825782314069958	0.108386	8.24661	38.1615
prv1/outfiles/dringsu2e_load6_seed1.out	0.6820905390221581	0.138499	12.9597	58.075
prv1/outfiles/dringsu2e_load6_seed2.out	0.7179353701415426	0.138531	14.2412	68.8002
prv1/outfiles/dringsu2e_load6_seed3.out	0.7044060839719535	0.138626	14.0361	59.7839
prv1/outfiles/dringsu2e_load6_seed4.out	0.6915019375615882	0.138608	13.4874	59.4524
prv1/outfiles/dringsu2e_load6_seed5.out	0.7027685660967508	0.138191	13.8775	61.1385
prv1/outfiles/dringsu2e_load7_seed1.out	1.3376923991130913	0.168216	29.7643	370.068
prv1/outfiles/dringsu2e_load7_seed2.out	1.3430798232550218	0.168677	30.241	300.08
prv1/outfiles/dringsu2e_load7_seed3.out	1.3599972467926942	0.168556	30.2566	310.014
prv1/outfiles/dringsu2e_load7_seed4.out	1.3725757486775008	0.167722	30.3791	371.69
prv1/outfiles/dringsu2e_load7_seed5.out	1.3816190992247905	0.167113	31.0482	370.041
prv1/outfiles/dringsu2e_load8_seed1.out	2.382380971156692	0.206212	54.1953	374.248
prv1/outfiles/dringsu2e_load8_seed2.out	2.4194475515432567	0.206346	54.9593	379.016
prv1/outfiles/dringsu2e_load8_seed3.out	2.3702881384297916	0.204481	54.301	375.841
prv1/outfiles/dringsu2e_load8_seed4.out	2.3717489189844643	0.206178	54.3804	379.174
prv1/outfiles/dringsu2e_load8_seed5.out	2.421105688534442	0.204589	55.1754	377.528
prv1/outfiles/dringsu2e_load9_seed1.out	3.976900940731166	0.24996	74.0385	412.781
prv1/outfiles/dringsu2e_load9_seed2.out	3.970462385154361	0.250446	76.088	409.725
prv1/outfiles/dringsu2e_load9_seed3.out	3.959353240064956	0.248948	72.4692	412.138
prv1/outfiles/dringsu2e_load9_seed4.out	4.013620041799971	0.248475	78.4999	410.157
prv1/outfiles/dringsu2e_load9_seed5.out	3.96156730228396	0.248092	75.1895	409.166
prv1/outfiles/dringsu2e_load10_seed1.out	6.056383742850533	0.29182	100.124	430.603
prv1/outfiles/dringsu2e_load10_seed2.out	6.098788187678858	0.29044	100.129	430.084
prv1/outfiles/dringsu2e_load10_seed3.out	6.059768231904145	0.290808	100.142	418.653
prv1/outfiles/dringsu2e_load10_seed4.out	6.07317343204339	0.292411	100.005	416.712
prv1/outfiles/dringsu2e_load10_seed5.out	6.0544120898509455	0.292016	99.959	418.727
