outfiles/dringsu2_oversub0.33_load1_seed1.out	0.26893182446611397	0.0936096	2.19274	28.3425
outfiles/dringsu2_oversub0.33_load1_seed2.out	0.27214763318605506	0.0936114	2.24982	27.8625
outfiles/dringsu2_oversub0.33_load1_seed3.out	0.2693575179045771	0.0937215	2.19813	26.6864
outfiles/dringsu2_oversub0.33_load1_seed4.out	0.2687476675478051	0.0935591	2.22729	27.5621
outfiles/dringsu2_oversub0.33_load1_seed5.out	0.2688294275310448	0.0935939	2.17419	28.7684
outfiles/dringsu2_oversub0.33_load2_seed1.out	0.7516790382670742	0.196793	11.5274	52.042
outfiles/dringsu2_oversub0.33_load2_seed2.out	0.7425078816957708	0.197729	11.4356	51.4736
outfiles/dringsu2_oversub0.33_load2_seed3.out	0.7586871141637609	0.197448	11.7036	52.6506
outfiles/dringsu2_oversub0.33_load2_seed4.out	0.74343830973946	0.196338	11.4623	51.226
outfiles/dringsu2_oversub0.33_load2_seed5.out	0.7478972024687076	0.197624	11.5098	51.2546
outfiles/dringsu2_oversub0.33_load3_seed1.out	2.324296490282019	0.405054	38.7154	406.938
outfiles/dringsu2_oversub0.33_load3_seed2.out	2.3503656787642018	0.407239	39.2598	406.76
outfiles/dringsu2_oversub0.33_load3_seed3.out	2.3230844664772854	0.402816	38.158	430.03
outfiles/dringsu2_oversub0.33_load3_seed4.out	2.3133029314652274	0.403114	38.7005	414.395
outfiles/dringsu2_oversub0.33_load3_seed5.out	2.3158767118383548	0.408089	38.1976	412.552
outfiles/dringsu2_oversub0.33_load4_seed1.out	6.248283415725349	0.584894	86.5562	438.908
outfiles/dringsu2_oversub0.33_load4_seed2.out	6.283405662239683	0.585192	86.1637	436.928
outfiles/dringsu2_oversub0.33_load4_seed3.out	6.219689525809086	0.588974	85.8834	438.929
outfiles/dringsu2_oversub0.33_load4_seed4.out	6.274956673400114	0.586634	86.4124	438.526
outfiles/dringsu2_oversub0.33_load4_seed5.out	6.165239426472784	0.587563	85.8171	438.605
outfiles/dringsu2_oversub0.33_load5_seed1.out	12.388467767687581	0.811002	140.073	460.048
outfiles/dringsu2_oversub0.33_load5_seed2.out	12.420684306793271	0.81663	140.64	455.958
outfiles/dringsu2_oversub0.33_load5_seed3.out	12.378071561290701	0.813256	139.778	458.009
outfiles/dringsu2_oversub0.33_load5_seed4.out	12.303463766012895	0.814002	138.389	459.008
outfiles/dringsu2_oversub0.33_load5_seed5.out	12.306483193639577	0.811457	139.831	465.875
outfiles/dringsu2_oversub0.33_load6_seed1.out	21.024866497621662	1.0047	191.569	476.394
outfiles/dringsu2_oversub0.33_load6_seed2.out	21.001225070404406	1.00542	189.784	473.725
outfiles/dringsu2_oversub0.33_load6_seed3.out	21.127304483326824	1.00698	190.071	469.548
outfiles/dringsu2_oversub0.33_load6_seed4.out	21.05905589708572	1.00612	190.968	470.037
outfiles/dringsu2_oversub0.33_load6_seed5.out	20.87950482764174	1.00356	184.722	472.35
outfiles/dringsu2_oversub0.33_load7_seed1.out	33.092224641787354	1.17377	303.803	503.319
outfiles/dringsu2_oversub0.33_load7_seed2.out	33.389783088338184	1.17707	310.018	514.556
outfiles/dringsu2_oversub0.33_load7_seed3.out	33.38700403633898	1.17656	308.304	499.576
outfiles/dringsu2_oversub0.33_load7_seed4.out	33.373115894368716	1.17721	306.727	526.526
outfiles/dringsu2_oversub0.33_load7_seed5.out	33.2434602138517	1.17316	307.581	497.725
outfiles/dringsu2_oversub0.33_load8_seed1.out	48.74850690550579	1.34123	347.033	647.525
outfiles/dringsu2_oversub0.33_load8_seed2.out	48.77632122160401	1.34264	343.688	649.377
outfiles/dringsu2_oversub0.33_load8_seed3.out	48.59232005635088	1.34087	344.544	639.497
outfiles/dringsu2_oversub0.33_load8_seed4.out	48.83225885033781	1.34306	353.428	649.628
outfiles/dringsu2_oversub0.33_load8_seed5.out	48.76317673946172	1.34132	363.35	649.681
outfiles/dringsu2_oversub0.33_load9_seed1.out	67.69893754404731	1.47097	498.296	797.36
outfiles/dringsu2_oversub0.33_load9_seed2.out	67.54784540624092	1.4727	496.846	760.0
outfiles/dringsu2_oversub0.33_load9_seed3.out	67.32846564883332	1.47253	496.819	822.841
outfiles/dringsu2_oversub0.33_load9_seed4.out	68.10616793937652	1.47349	498.802	816.968
outfiles/dringsu2_oversub0.33_load9_seed5.out	67.64931145966445	1.47288	498.147	911.324
outfiles/dringsu2_oversub0.33_load10_seed1.out	88.36182301138012	1.77806	583.524	1080.37
outfiles/dringsu2_oversub0.33_load10_seed2.out	88.37449975578498	1.78016	583.641	1079.76
outfiles/dringsu2_oversub0.33_load10_seed3.out	88.44513284370116	1.78366	584.079	1088.13
outfiles/dringsu2_oversub0.33_load10_seed4.out	88.08349678941659	1.77976	582.935	1082.2
outfiles/dringsu2_oversub0.33_load10_seed5.out	88.39775782527293	1.77992	583.176	1068.95
outfiles/dringsu2_oversub0.67_load1_seed1.out	0.1071849174381858	0.0599035	0.654431	10.7473
outfiles/dringsu2_oversub0.67_load1_seed2.out	0.10706789100327348	0.0599035	0.650889	11.3011
outfiles/dringsu2_oversub0.67_load1_seed3.out	0.10728335749388135	0.0599006	0.657243	11.3265
outfiles/dringsu2_oversub0.67_load1_seed4.out	0.1070807481323459	0.0599035	0.653373	10.7962
outfiles/dringsu2_oversub0.67_load1_seed5.out	0.10759356125119288	0.0598827	0.658175	11.3857
outfiles/dringsu2_oversub0.67_load2_seed1.out	0.16178637425326922	0.0710291	1.10436	15.1215
outfiles/dringsu2_oversub0.67_load2_seed2.out	0.1606982557705347	0.0710411	1.10403	14.775
outfiles/dringsu2_oversub0.67_load2_seed3.out	0.1603745694533357	0.0708688	1.10603	16.1761
outfiles/dringsu2_oversub0.67_load2_seed4.out	0.16281500080118447	0.0709781	1.1039	15.3071
outfiles/dringsu2_oversub0.67_load2_seed5.out	0.16134587033447154	0.0710916	1.11009	15.5032
outfiles/dringsu2_oversub0.67_load3_seed1.out	0.25653412457439095	0.090829	3.01278	24.321
outfiles/dringsu2_oversub0.67_load3_seed2.out	0.2582779710144617	0.0908826	2.95368	24.9629
outfiles/dringsu2_oversub0.67_load3_seed3.out	0.25668002053854155	0.0905839	2.79991	24.0702
outfiles/dringsu2_oversub0.67_load3_seed4.out	0.25513703776907576	0.0908583	2.94496	24.7784
outfiles/dringsu2_oversub0.67_load3_seed5.out	0.25723460469885245	0.0907004	2.9091	23.4832
outfiles/dringsu2_oversub0.67_load4_seed1.out	0.5409153195866114	0.125613	10.3581	44.6583
outfiles/dringsu2_oversub0.67_load4_seed2.out	0.5399813545954046	0.125661	10.3865	44.538
outfiles/dringsu2_oversub0.67_load4_seed3.out	0.5560445274445144	0.125273	10.6272	46.8254
outfiles/dringsu2_oversub0.67_load4_seed4.out	0.5358162321029424	0.125649	10.3704	45.8042
outfiles/dringsu2_oversub0.67_load4_seed5.out	0.5486369559444235	0.125987	10.5896	44.5068
outfiles/dringsu2_oversub0.67_load5_seed1.out	1.136236578889888	0.173949	23.8748	336.961
outfiles/dringsu2_oversub0.67_load5_seed2.out	1.1190578773918594	0.173802	23.0538	362.245
outfiles/dringsu2_oversub0.67_load5_seed3.out	1.142979072886786	0.173525	24.3934	361.266
outfiles/dringsu2_oversub0.67_load5_seed4.out	1.1516270922960599	0.17408	24.373	339.129
outfiles/dringsu2_oversub0.67_load5_seed5.out	1.1509551371532718	0.174386	23.2222	390.026
outfiles/dringsu2_oversub0.67_load6_seed1.out	2.423807539043869	0.223362	50.0855	410.056
outfiles/dringsu2_oversub0.67_load6_seed2.out	2.417296681143948	0.223601	50.3384	380.652
outfiles/dringsu2_oversub0.67_load6_seed3.out	2.3826183376421506	0.222536	50.1963	375.93
outfiles/dringsu2_oversub0.67_load6_seed4.out	2.400414962656267	0.221985	49.9181	378.625
outfiles/dringsu2_oversub0.67_load6_seed5.out	2.4141951572451212	0.223074	50.8863	391.117
outfiles/dringsu2_oversub0.67_load7_seed1.out	4.487672887840251	0.275128	89.3382	416.305
outfiles/dringsu2_oversub0.67_load7_seed2.out	4.481048593524622	0.276144	88.9737	415.615
outfiles/dringsu2_oversub0.67_load7_seed3.out	4.440156001286585	0.275244	86.9017	415.163
outfiles/dringsu2_oversub0.67_load7_seed4.out	4.4936038886684955	0.276517	90.6619	419.027
outfiles/dringsu2_oversub0.67_load7_seed5.out	4.432160804046979	0.27687	84.1563	416.196
outfiles/dringsu2_oversub0.67_load8_seed1.out	7.7027398875052375	0.340499	108.402	420.119
outfiles/dringsu2_oversub0.67_load8_seed2.out	7.609398734219902	0.339882	106.973	420.185
outfiles/dringsu2_oversub0.67_load8_seed3.out	7.65868855991969	0.339877	108.024	430.037
outfiles/dringsu2_oversub0.67_load8_seed4.out	7.6815258304907585	0.339245	108.048	419.281
outfiles/dringsu2_oversub0.67_load8_seed5.out	7.670515471360484	0.339845	108.266	430.057
outfiles/dringsu2_oversub0.67_load9_seed1.out	11.960291878397923	0.401118	170.805	435.745
outfiles/dringsu2_oversub0.67_load9_seed2.out	11.9650836340577	0.402935	170.749	436.707
outfiles/dringsu2_oversub0.67_load9_seed3.out	11.89219379450553	0.402907	170.746	439.13
outfiles/dringsu2_oversub0.67_load9_seed4.out	11.901728498323818	0.40293	170.62	437.161
outfiles/dringsu2_oversub0.67_load9_seed5.out	11.955294636272523	0.401017	170.952	436.907
outfiles/dringsu2_oversub0.67_load10_seed1.out	18.400755986344564	0.457309	295.39	562.557
outfiles/dringsu2_oversub0.67_load10_seed2.out	18.581591591824747	0.455844	296.595	561.034
outfiles/dringsu2_oversub0.67_load10_seed3.out	18.521210509094896	0.459345	296.342	567.051
outfiles/dringsu2_oversub0.67_load10_seed4.out	18.36865814900524	0.458024	295.789	559.553
outfiles/dringsu2_oversub0.67_load10_seed5.out	18.328936262041147	0.456766	294.801	560.952
outfiles/dringsu2_oversub1.33_load1_seed1.out	0.07731485831322188	0.0514694	0.412809	10.083
outfiles/dringsu2_oversub1.33_load1_seed2.out	0.07650939540301915	0.0515323	0.407162	8.45411
outfiles/dringsu2_oversub1.33_load1_seed3.out	0.07653073166754731	0.0516395	0.406193	8.32521
outfiles/dringsu2_oversub1.33_load1_seed4.out	0.07672601285221246	0.0515146	0.412929	8.13542
outfiles/dringsu2_oversub1.33_load1_seed5.out	0.07631565283934627	0.0515769	0.410722	8.3042
outfiles/dringsu2_oversub1.33_load2_seed1.out	0.09437983041215575	0.0553545	0.52445	10.4689
outfiles/dringsu2_oversub1.33_load2_seed2.out	0.09513817066232727	0.0554221	0.528074	10.7017
outfiles/dringsu2_oversub1.33_load2_seed3.out	0.09401848588785643	0.0552964	0.523012	10.2955
outfiles/dringsu2_oversub1.33_load2_seed4.out	0.09337343704712306	0.0553335	0.51736	10.1842
outfiles/dringsu2_oversub1.33_load2_seed5.out	0.09531567405827862	0.0553947	0.536537	10.7985
outfiles/dringsu2_oversub1.33_load3_seed1.out	0.12347984672639135	0.0613712	0.73958	12.6649
outfiles/dringsu2_oversub1.33_load3_seed2.out	0.12097638663915133	0.0614302	0.724603	11.8747
outfiles/dringsu2_oversub1.33_load3_seed3.out	0.12291089817380293	0.0613291	0.740926	12.8382
outfiles/dringsu2_oversub1.33_load3_seed4.out	0.1232559058637548	0.0615512	0.731761	11.7697
outfiles/dringsu2_oversub1.33_load3_seed5.out	0.12148893864458761	0.0613762	0.715073	11.5875
outfiles/dringsu2_oversub1.33_load4_seed1.out	0.16828417513045132	0.070559	1.24934	19.4927
outfiles/dringsu2_oversub1.33_load4_seed2.out	0.16956883806613068	0.0706695	1.26835	19.1245
outfiles/dringsu2_oversub1.33_load4_seed3.out	0.16690851310082228	0.0706599	1.20143	19.936
outfiles/dringsu2_oversub1.33_load4_seed4.out	0.1728831284997126	0.0706941	1.30381	20.1223
outfiles/dringsu2_oversub1.33_load4_seed5.out	0.16826909502804366	0.0707635	1.22674	18.7894
outfiles/dringsu2_oversub1.33_load5_seed1.out	0.2457419110865707	0.0830163	3.60686	29.8222
outfiles/dringsu2_oversub1.33_load5_seed2.out	0.24792096839457203	0.0833525	3.96357	26.2135
outfiles/dringsu2_oversub1.33_load5_seed3.out	0.24327621507041186	0.0832037	3.34154	33.5148
outfiles/dringsu2_oversub1.33_load5_seed4.out	0.23995598203798457	0.0831836	3.32235	27.4177
outfiles/dringsu2_oversub1.33_load5_seed5.out	0.23704832447131496	0.0832743	3.19119	27.136
outfiles/dringsu2_oversub1.33_load6_seed1.out	0.580523253160291	0.100104	11.1276	100.358
outfiles/dringsu2_oversub1.33_load6_seed2.out	0.5928278624107672	0.0999232	11.1848	99.9784
outfiles/dringsu2_oversub1.33_load6_seed3.out	0.5429594671117643	0.0996952	10.9007	69.9172
outfiles/dringsu2_oversub1.33_load6_seed4.out	0.583235631490321	0.0999628	11.3695	79.1662
outfiles/dringsu2_oversub1.33_load6_seed5.out	0.59548132174321	0.100721	11.4819	98.5926
outfiles/dringsu2_oversub1.33_load7_seed1.out	0.6907199784648627	0.119972	13.931	77.0221
outfiles/dringsu2_oversub1.33_load7_seed2.out	0.679627803910929	0.120857	13.8204	68.7721
outfiles/dringsu2_oversub1.33_load7_seed3.out	0.6673714185857168	0.12058	13.4376	68.48
outfiles/dringsu2_oversub1.33_load7_seed4.out	0.6711050045071884	0.12113	13.0608	70.2636
outfiles/dringsu2_oversub1.33_load7_seed5.out	0.6794986303609044	0.12154	13.3126	98.0918
outfiles/dringsu2_oversub1.33_load8_seed1.out	1.3280796686664817	0.14542	30.943	317.508
outfiles/dringsu2_oversub1.33_load8_seed2.out	1.3249434809992469	0.145868	30.6738	171.322
outfiles/dringsu2_oversub1.33_load8_seed3.out	1.3425522682970203	0.145649	30.9181	330.111
outfiles/dringsu2_oversub1.33_load8_seed4.out	1.3554450231768456	0.144335	31.4979	368.486
outfiles/dringsu2_oversub1.33_load8_seed5.out	1.334693273559742	0.144543	30.9529	316.193
outfiles/dringsu2_oversub1.33_load9_seed1.out	2.1070278649783716	0.172044	50.6195	371.08
outfiles/dringsu2_oversub1.33_load9_seed2.out	2.1367840708852306	0.172128	52.4145	375.359
outfiles/dringsu2_oversub1.33_load9_seed3.out	2.1348377365103866	0.171717	52.3211	370.083
outfiles/dringsu2_oversub1.33_load9_seed4.out	2.1592138188988304	0.172433	52.8649	379.023
outfiles/dringsu2_oversub1.33_load9_seed5.out	2.1189267014612647	0.172011	52.0682	370.156
outfiles/dringsu2_oversub1.33_load10_seed1.out	3.8812466430857815	0.196681	93.1376	409.265
outfiles/dringsu2_oversub1.33_load10_seed2.out	3.9456089792269666	0.197988	93.3688	390.01
outfiles/dringsu2_oversub1.33_load10_seed3.out	3.906981987476794	0.199058	93.3341	391.494
outfiles/dringsu2_oversub1.33_load10_seed4.out	3.83732683225948	0.198012	92.5993	380.735
outfiles/dringsu2_oversub1.33_load10_seed5.out	3.813230508099511	0.197359	92.3069	390.03
outfiles/dringsu2_oversub1.67_load1_seed1.out	0.07593613586163257	0.0505916	0.406361	8.40376
outfiles/dringsu2_oversub1.67_load1_seed2.out	0.07488427055518135	0.0506214	0.393946	7.70533
outfiles/dringsu2_oversub1.67_load1_seed3.out	0.0754948151206656	0.0506411	0.400336	8.58292
outfiles/dringsu2_oversub1.67_load1_seed4.out	0.07496610146856525	0.0506214	0.403605	7.6896
outfiles/dringsu2_oversub1.67_load1_seed5.out	0.07579257885359908	0.0506411	0.403097	8.99743
outfiles/dringsu2_oversub1.67_load2_seed1.out	0.09205984721550725	0.0539441	0.507755	10.8106
outfiles/dringsu2_oversub1.67_load2_seed2.out	0.09341031526782455	0.0539441	0.516928	10.4311
outfiles/dringsu2_oversub1.67_load2_seed3.out	0.09169716950113317	0.0539441	0.505998	10.6066
outfiles/dringsu2_oversub1.67_load2_seed4.out	0.09185459649659494	0.0539441	0.50405	10.5122
outfiles/dringsu2_oversub1.67_load2_seed5.out	0.0923500891585752	0.0539441	0.524026	10.5295
outfiles/dringsu2_oversub1.67_load3_seed1.out	0.11767411200453907	0.0590595	0.697617	11.7278
outfiles/dringsu2_oversub1.67_load3_seed2.out	0.11694462282650148	0.0591841	0.691122	11.5689
outfiles/dringsu2_oversub1.67_load3_seed3.out	0.1176705088343552	0.0590605	0.702671	11.4517
outfiles/dringsu2_oversub1.67_load3_seed4.out	0.11909802829699176	0.0593385	0.696867	11.5508
outfiles/dringsu2_oversub1.67_load3_seed5.out	0.11711070716561689	0.0590346	0.692585	11.6866
outfiles/dringsu2_oversub1.67_load4_seed1.out	0.16055259716702833	0.0662218	1.17128	20.6621
outfiles/dringsu2_oversub1.67_load4_seed2.out	0.15846638250895237	0.066389	1.1295	19.2583
outfiles/dringsu2_oversub1.67_load4_seed3.out	0.15970105017213262	0.0662735	1.12045	19.5118
outfiles/dringsu2_oversub1.67_load4_seed4.out	0.16625318135864398	0.0663535	1.17879	21.3021
outfiles/dringsu2_oversub1.67_load4_seed5.out	0.15943498390076472	0.066408	1.14033	19.6228
outfiles/dringsu2_oversub1.67_load5_seed1.out	0.2311517687398123	0.0771088	2.93556	27.5969
outfiles/dringsu2_oversub1.67_load5_seed2.out	0.23397349081879218	0.0774721	3.41306	25.9455
outfiles/dringsu2_oversub1.67_load5_seed3.out	0.22783471484903342	0.0773452	2.83752	26.4575
outfiles/dringsu2_oversub1.67_load5_seed4.out	0.22780513019346474	0.0775445	2.93606	26.2856
outfiles/dringsu2_oversub1.67_load5_seed5.out	0.2266062774728646	0.0773713	2.71898	28.2316
outfiles/dringsu2_oversub1.67_load6_seed1.out	0.5600661742220323	0.0915625	11.0416	100.337
outfiles/dringsu2_oversub1.67_load6_seed2.out	0.5739774474413257	0.0911503	11.0362	100.261
outfiles/dringsu2_oversub1.67_load6_seed3.out	0.5425743797801639	0.0909082	10.8526	93.5079
outfiles/dringsu2_oversub1.67_load6_seed4.out	0.586193545488912	0.0915444	11.4177	99.4658
outfiles/dringsu2_oversub1.67_load6_seed5.out	0.5693126277841509	0.0915205	11.1651	99.8195
outfiles/dringsu2_oversub1.67_load7_seed1.out	0.6737562550136308	0.108392	14.6776	70.486
outfiles/dringsu2_oversub1.67_load7_seed2.out	0.6585780678033942	0.109061	14.3475	71.3699
outfiles/dringsu2_oversub1.67_load7_seed3.out	0.6586901457000385	0.108663	14.2716	68.9613
outfiles/dringsu2_oversub1.67_load7_seed4.out	0.6564613343569384	0.109201	13.2782	100.265
outfiles/dringsu2_oversub1.67_load7_seed5.out	0.6612867571747952	0.109362	13.766	90.0836
outfiles/dringsu2_oversub1.67_load8_seed1.out	1.3054248770275587	0.131122	31.1821	271.874
outfiles/dringsu2_oversub1.67_load8_seed2.out	1.3430726319253756	0.13083	32.3071	180.931
outfiles/dringsu2_oversub1.67_load8_seed3.out	1.3281028786125826	0.130357	30.8694	360.026
outfiles/dringsu2_oversub1.67_load8_seed4.out	1.3149045121404124	0.129886	31.7735	324.659
outfiles/dringsu2_oversub1.67_load8_seed5.out	1.3569909498749075	0.130143	33.0409	360.027
outfiles/dringsu2_oversub1.67_load9_seed1.out	2.081613231872705	0.155111	52.7709	377.926
outfiles/dringsu2_oversub1.67_load9_seed2.out	2.096604015941377	0.155477	53.1168	377.919
outfiles/dringsu2_oversub1.67_load9_seed3.out	2.133566063337529	0.154663	53.9313	379.062
outfiles/dringsu2_oversub1.67_load9_seed4.out	2.124386069539253	0.155202	53.1176	376.323
outfiles/dringsu2_oversub1.67_load9_seed5.out	2.0838150915236833	0.155342	52.6474	379.438
outfiles/dringsu2_oversub1.67_load10_seed1.out	3.8495027614117907	0.177932	93.7169	414.044
outfiles/dringsu2_oversub1.67_load10_seed2.out	3.85586750552768	0.178482	93.5563	419.426
outfiles/dringsu2_oversub1.67_load10_seed3.out	3.8385723070339446	0.180336	94.0566	390.061
outfiles/dringsu2_oversub1.67_load10_seed4.out	3.818252393777113	0.17841	93.3762	410.054
outfiles/dringsu2_oversub1.67_load10_seed5.out	3.8515463609036695	0.178207	93.5998	436.11
outfiles/leafspine_oversub0.33_load1_seed1.out	0.25242258040114474	0.0901231	2.08218	27.6239
outfiles/leafspine_oversub0.33_load1_seed2.out	0.255407666379932	0.0900672	2.07966	27.2585
outfiles/leafspine_oversub0.33_load1_seed3.out	0.2576241300781403	0.0900672	2.15315	27.0195
outfiles/leafspine_oversub0.33_load1_seed4.out	0.24950034465368856	0.0902477	2.02977	27.6618
outfiles/leafspine_oversub0.33_load1_seed5.out	0.25290136354313053	0.0900717	2.07576	24.5901
outfiles/leafspine_oversub0.33_load2_seed1.out	0.6767862591034157	0.189571	10.368	52.2726
outfiles/leafspine_oversub0.33_load2_seed2.out	0.6714379835993938	0.188126	10.2808	55.0755
outfiles/leafspine_oversub0.33_load2_seed3.out	0.6785601395284496	0.189513	10.3749	55.4485
outfiles/leafspine_oversub0.33_load2_seed4.out	0.6715498762290475	0.189356	10.2795	51.4215
outfiles/leafspine_oversub0.33_load2_seed5.out	0.6768723126676851	0.188688	10.3465	53.9071
outfiles/leafspine_oversub0.33_load3_seed1.out	2.0813096017020123	0.346173	33.502	410.031
outfiles/leafspine_oversub0.33_load3_seed2.out	2.110318471595642	0.347367	34.2992	420.1
outfiles/leafspine_oversub0.33_load3_seed3.out	2.1046408772455267	0.345586	34.0515	430.04
outfiles/leafspine_oversub0.33_load3_seed4.out	2.112416153376582	0.345273	33.5988	420.068
outfiles/leafspine_oversub0.33_load3_seed5.out	2.106474758026092	0.345251	34.556	410.227
outfiles/leafspine_oversub0.33_load4_seed1.out	5.87841510231152	0.541233	80.5971	433.871
outfiles/leafspine_oversub0.33_load4_seed2.out	5.85234265606987	0.545416	80.4373	436.495
outfiles/leafspine_oversub0.33_load4_seed3.out	5.887955028835944	0.541965	81.0294	433.321
outfiles/leafspine_oversub0.33_load4_seed4.out	5.847744588286731	0.538317	80.5996	435.245
outfiles/leafspine_oversub0.33_load4_seed5.out	5.843494663902734	0.540089	80.5883	428.519
outfiles/leafspine_oversub0.33_load5_seed1.out	11.466671996171856	0.732472	131.34	438.776
outfiles/leafspine_oversub0.33_load5_seed2.out	11.364124880725118	0.733726	130.681	457.917
outfiles/leafspine_oversub0.33_load5_seed3.out	11.320633171777757	0.735876	128.901	439.763
outfiles/leafspine_oversub0.33_load5_seed4.out	11.354056822541372	0.731189	129.019	440.408
outfiles/leafspine_oversub0.33_load5_seed5.out	11.429113196050901	0.731962	130.582	450.076
outfiles/leafspine_oversub0.33_load6_seed1.out	19.582717148383896	0.963452	175.655	470.366
outfiles/leafspine_oversub0.33_load6_seed2.out	19.4841724344912	0.965686	175.886	478.442
outfiles/leafspine_oversub0.33_load6_seed3.out	19.37923344584428	0.958702	175.77	471.944
outfiles/leafspine_oversub0.33_load6_seed4.out	19.53192183743508	0.96355	176.382	477.801
outfiles/leafspine_oversub0.33_load6_seed5.out	19.509570780632714	0.959446	175.233	478.209
outfiles/leafspine_oversub0.33_load7_seed1.out	30.180669510688386	1.18282	261.975	479.151
outfiles/leafspine_oversub0.33_load7_seed2.out	30.263096743127136	1.17884	262.546	480.095
outfiles/leafspine_oversub0.33_load7_seed3.out	30.65195782526525	1.17885	275.372	479.027
outfiles/leafspine_oversub0.33_load7_seed4.out	30.528013765649693	1.18305	266.971	482.454
outfiles/leafspine_oversub0.33_load7_seed5.out	30.64898764454779	1.18532	273.184	480.054
outfiles/leafspine_oversub0.33_load8_seed1.out	45.7421615117643	1.37924	331.201	591.263
outfiles/leafspine_oversub0.33_load8_seed2.out	45.71090012506649	1.37551	331.529	597.328
outfiles/leafspine_oversub0.33_load8_seed3.out	45.91689266019998	1.37609	331.364	592.117
outfiles/leafspine_oversub0.33_load8_seed4.out	45.59567850564133	1.3793	331.062	575.124
outfiles/leafspine_oversub0.33_load8_seed5.out	45.60961702521435	1.38257	330.541	603.92
outfiles/leafspine_oversub0.33_load9_seed1.out	62.33785836042433	1.55843	423.953	656.192
outfiles/leafspine_oversub0.33_load9_seed2.out	62.385903645183255	1.5591	424.149	661.566
outfiles/leafspine_oversub0.33_load9_seed3.out	62.15220587924217	1.55579	424.403	664.436
outfiles/leafspine_oversub0.33_load9_seed4.out	62.088664493933464	1.56141	421.135	657.873
outfiles/leafspine_oversub0.33_load9_seed5.out	62.1441840375177	1.56094	422.172	654.816
outfiles/leafspine_oversub0.33_load10_seed1.out	82.34823439408801	1.75519	560.836	786.983
outfiles/leafspine_oversub0.33_load10_seed2.out	82.46212320525822	1.76057	560.785	791.773
outfiles/leafspine_oversub0.33_load10_seed3.out	82.30621984721027	1.75594	559.853	851.176
outfiles/leafspine_oversub0.33_load10_seed4.out	82.70989242171434	1.74473	561.291	937.532
outfiles/leafspine_oversub0.33_load10_seed5.out	82.30666369115049	1.75605	561.836	827.813
outfiles/leafspine_oversub0.67_load1_seed1.out	0.11101631801209821	0.0577768	0.702548	11.1694
outfiles/leafspine_oversub0.67_load1_seed2.out	0.1124131864011807	0.057794	0.717135	10.833
outfiles/leafspine_oversub0.67_load1_seed3.out	0.11101048360636216	0.0578222	0.71334	11.0579
outfiles/leafspine_oversub0.67_load1_seed4.out	0.11329518342043975	0.0577881	0.712632	12.647
outfiles/leafspine_oversub0.67_load1_seed5.out	0.11196784522858984	0.0578776	0.715958	11.13
outfiles/leafspine_oversub0.67_load2_seed1.out	0.22661203842402783	0.0776936	2.36899	24.8983
outfiles/leafspine_oversub0.67_load2_seed2.out	0.23194552245800729	0.0773202	2.6714	27.5937
outfiles/leafspine_oversub0.67_load2_seed3.out	0.22900256862782709	0.0773859	2.61249	26.4228
outfiles/leafspine_oversub0.67_load2_seed4.out	0.2309850505940402	0.0774071	2.55365	26.0059
outfiles/leafspine_oversub0.67_load2_seed5.out	0.2316819579162018	0.0774222	2.5012	26.011
outfiles/leafspine_oversub0.67_load3_seed1.out	0.7531735747356011	0.107808	16.4572	63.2595
outfiles/leafspine_oversub0.67_load3_seed2.out	0.784596655815538	0.108621	17.6508	60.2976
outfiles/leafspine_oversub0.67_load3_seed3.out	0.740465733002447	0.107961	15.8133	61.1991
outfiles/leafspine_oversub0.67_load3_seed4.out	0.7500366283403139	0.107859	16.2281	57.9543
outfiles/leafspine_oversub0.67_load3_seed5.out	0.7666586911198952	0.108113	16.6214	110.145
outfiles/leafspine_oversub0.67_load4_seed1.out	2.819487153686796	0.150697	55.5233	430.011
outfiles/leafspine_oversub0.67_load4_seed2.out	2.853219307611628	0.150832	55.6664	417.804
outfiles/leafspine_oversub0.67_load4_seed3.out	2.8214306479745077	0.150752	55.08	432.824
outfiles/leafspine_oversub0.67_load4_seed4.out	2.812141480606994	0.151602	55.5619	417.352
outfiles/leafspine_oversub0.67_load4_seed5.out	2.830389122460273	0.150049	55.3375	432.619
outfiles/leafspine_oversub0.67_load5_seed1.out	7.1503442646304345	0.214643	100.428	430.09
outfiles/leafspine_oversub0.67_load5_seed2.out	7.121091269248766	0.213605	100.231	434.778
outfiles/leafspine_oversub0.67_load5_seed3.out	7.018622046391092	0.212574	99.8199	435.068
outfiles/leafspine_oversub0.67_load5_seed4.out	7.078487436459444	0.21211	100.088	434.788
outfiles/leafspine_oversub0.67_load5_seed5.out	7.0861578950881565	0.214883	100.488	430.014
outfiles/leafspine_oversub0.67_load6_seed1.out	14.068563469163097	0.289432	172.005	438.893
outfiles/leafspine_oversub0.67_load6_seed2.out	14.115292140638974	0.291182	172.599	439.048
outfiles/leafspine_oversub0.67_load6_seed3.out	14.14000293576818	0.294241	172.341	438.177
outfiles/leafspine_oversub0.67_load6_seed4.out	14.111905915434289	0.293784	172.712	437.49
outfiles/leafspine_oversub0.67_load6_seed5.out	14.175530741289734	0.292981	172.51	440.149
outfiles/leafspine_oversub0.67_load7_seed1.out	24.989948631134297	0.37292	302.87	563.7
outfiles/leafspine_oversub0.67_load7_seed2.out	25.06509129009565	0.372578	303.521	563.633
outfiles/leafspine_oversub0.67_load7_seed3.out	24.91076862534772	0.371287	302.805	562.974
outfiles/leafspine_oversub0.67_load7_seed4.out	24.923002520799383	0.371774	302.763	563.317
outfiles/leafspine_oversub0.67_load7_seed5.out	24.889788905187928	0.366283	302.679	563.55
outfiles/leafspine_oversub0.67_load8_seed1.out	40.02340009075618	0.444581	555.094	1076.78
outfiles/leafspine_oversub0.67_load8_seed2.out	40.24063585741896	0.445656	555.469	1077.79
outfiles/leafspine_oversub0.67_load8_seed3.out	40.0116754571833	0.44378	555.285	1080.32
outfiles/leafspine_oversub0.67_load8_seed4.out	40.09637348174361	0.447449	555.164	1077.36
outfiles/leafspine_oversub0.67_load8_seed5.out	39.83176882273324	0.444742	555.036	1078.84
outfiles/leafspine_oversub0.67_load9_seed1.out	62.36230959248923	0.509366	586.35	1139.07
outfiles/leafspine_oversub0.67_load9_seed2.out	62.26291829530368	0.509473	584.906	2109.3
outfiles/leafspine_oversub0.67_load9_seed3.out	62.19005457026073	0.5082	585.314	1141.8
outfiles/leafspine_oversub0.67_load9_seed4.out	62.496808965287784	0.509861	587.259	1133.93
outfiles/leafspine_oversub0.67_load9_seed5.out	62.3763526505735	0.508854	586.794	1146.67
outfiles/leafspine_oversub0.67_load10_seed1.out	87.09384556940226	0.575045	1079.16	2115.57
outfiles/leafspine_oversub0.67_load10_seed2.out	87.70796941750831	0.57538	1079.67	2118.48
outfiles/leafspine_oversub0.67_load10_seed3.out	87.81305665884257	0.574402	1079.44	2117.24
outfiles/leafspine_oversub0.67_load10_seed4.out	87.83129551090609	0.574899	1079.35	2120.04
outfiles/leafspine_oversub0.67_load10_seed5.out	88.5106699525946	0.574727	1079.69	2121.2
outfiles/leafspine_oversub1.33_load1_seed1.out	0.09111467289402773	0.0487778	0.520055	11.1536
outfiles/leafspine_oversub1.33_load1_seed2.out	0.09193587193529067	0.0487773	0.523041	10.3231
outfiles/leafspine_oversub1.33_load1_seed3.out	0.09186563063332681	0.0486499	0.526861	10.6268
outfiles/leafspine_oversub1.33_load1_seed4.out	0.092355501456521	0.0487282	0.519183	11.247
outfiles/leafspine_oversub1.33_load1_seed5.out	0.09141386391411106	0.048778	0.512065	10.8585
outfiles/leafspine_oversub1.33_load2_seed1.out	0.20266767251497	0.063971	2.2326	29.6068
outfiles/leafspine_oversub1.33_load2_seed2.out	0.2034717458898921	0.0636154	2.43786	26.7058
outfiles/leafspine_oversub1.33_load2_seed3.out	0.20040925052965358	0.0636132	2.38453	23.6132
outfiles/leafspine_oversub1.33_load2_seed4.out	0.21240355644030287	0.0634713	2.58117	28.8487
outfiles/leafspine_oversub1.33_load2_seed5.out	0.20619788522689336	0.0636759	2.35789	24.1717
outfiles/leafspine_oversub1.33_load3_seed1.out	0.772588046659049	0.0814148	19.146	63.1111
outfiles/leafspine_oversub1.33_load3_seed2.out	0.7909530802562305	0.0818428	19.4689	59.3947
outfiles/leafspine_oversub1.33_load3_seed3.out	0.7665901810799409	0.0818061	19.1834	56.4437
outfiles/leafspine_oversub1.33_load3_seed4.out	0.7716543171080249	0.0812257	19.3484	58.9457
outfiles/leafspine_oversub1.33_load3_seed5.out	0.7957767735855238	0.0815556	19.4887	61.1828
outfiles/leafspine_oversub1.33_load4_seed1.out	3.086826127448458	0.110666	59.6108	415.945
outfiles/leafspine_oversub1.33_load4_seed2.out	3.04406067112507	0.110093	59.5277	417.266
outfiles/leafspine_oversub1.33_load4_seed3.out	3.047265401347831	0.111337	59.359	415.359
outfiles/leafspine_oversub1.33_load4_seed4.out	3.120911768671144	0.11079	59.7948	417.386
outfiles/leafspine_oversub1.33_load4_seed5.out	3.1361360689622497	0.10933	59.9351	416.57
outfiles/leafspine_oversub1.33_load5_seed1.out	8.002103814299433	0.160116	123.641	431.937
outfiles/leafspine_oversub1.33_load5_seed2.out	7.943384127756572	0.158695	114.83	431.76
outfiles/leafspine_oversub1.33_load5_seed3.out	7.92538960362796	0.158374	116.055	430.072
outfiles/leafspine_oversub1.33_load5_seed4.out	8.137916426685186	0.15809	161.644	437.373
outfiles/leafspine_oversub1.33_load5_seed5.out	7.821308777662813	0.158227	115.477	430.61
outfiles/leafspine_oversub1.33_load6_seed1.out	17.33583662074366	0.222528	297.176	561.257
outfiles/leafspine_oversub1.33_load6_seed2.out	17.490753601636502	0.222074	297.356	561.362
outfiles/leafspine_oversub1.33_load6_seed3.out	17.5685461141062	0.223675	297.735	564.033
outfiles/leafspine_oversub1.33_load6_seed4.out	17.55533602290073	0.22446	297.6	561.1
outfiles/leafspine_oversub1.33_load6_seed5.out	17.339523869179573	0.222833	297.441	560.482
outfiles/leafspine_oversub1.33_load7_seed1.out	38.27147294951468	0.279043	563.051	2102.97
outfiles/leafspine_oversub1.33_load7_seed2.out	37.99515088273584	0.278585	563.533	2104.02
outfiles/leafspine_oversub1.33_load7_seed3.out	38.47070077262394	0.275567	564.604	2104.02
outfiles/leafspine_oversub1.33_load7_seed4.out	38.945969706931926	0.277418	565.615	2104.69
outfiles/leafspine_oversub1.33_load7_seed5.out	38.38926583134349	0.275724	563.341	2103.33
outfiles/leafspine_oversub1.33_load8_seed1.out	84.16773194232557	0.334031	2102.42	4167.87
outfiles/leafspine_oversub1.33_load8_seed2.out	83.19454576563616	0.333815	2102.16	4162.55
outfiles/leafspine_oversub1.33_load8_seed3.out	84.45303198215237	0.332694	2102.64	4172.49
outfiles/leafspine_oversub1.33_load8_seed4.out	82.05158438111826	0.334544	1108.09	4170.03
outfiles/leafspine_oversub1.33_load8_seed5.out	84.04648039621232	0.333029	2102.8	4168.12
outfiles/leafspine_oversub1.33_load9_seed1.out	173.3722614380191	0.377177	4156.43	8273.16
outfiles/leafspine_oversub1.33_load9_seed2.out	179.6629061242875	0.3777	4157.81	8271.59
outfiles/leafspine_oversub1.33_load9_seed3.out	175.57008301078855	0.377448	4157.09	8272.02
outfiles/leafspine_oversub1.33_load9_seed4.out	178.35038949872717	0.380198	4157.89	8272.05
outfiles/leafspine_oversub1.33_load9_seed5.out	173.01110921237142	0.377979	4156.27	8272.0
outfiles/leafspine_oversub1.33_load10_seed1.out	258.9753562288104	0.41277	4183.68	8285.43
outfiles/leafspine_oversub1.33_load10_seed2.out	259.59862800183686	0.413662	4184.75	8286.8
outfiles/leafspine_oversub1.33_load10_seed3.out	256.83779575018804	0.413696	4180.16	8285.71
outfiles/leafspine_oversub1.33_load10_seed4.out	258.69759665915495	0.412064	4184.19	8287.09
outfiles/leafspine_oversub1.33_load10_seed5.out	260.4031454242151	0.411981	4184.16	8286.88
outfiles/leafspine_oversub1.67_load1_seed1.out	0.09008892984508741	0.0481188	0.522004	10.6579
outfiles/leafspine_oversub1.67_load1_seed2.out	0.09199244951077203	0.0481188	0.529846	10.4326
outfiles/leafspine_oversub1.67_load1_seed3.out	0.09233987944068636	0.0481188	0.537884	10.9914
outfiles/leafspine_oversub1.67_load1_seed4.out	0.09103344021384645	0.0481188	0.511605	11.5452
outfiles/leafspine_oversub1.67_load1_seed5.out	0.09242330585523205	0.0481188	0.520256	10.6874
outfiles/leafspine_oversub1.67_load2_seed1.out	0.2054414587187723	0.0624016	2.41877	32.0801
outfiles/leafspine_oversub1.67_load2_seed2.out	0.2076872697983901	0.062289	2.66117	29.7305
outfiles/leafspine_oversub1.67_load2_seed3.out	0.20783888163764735	0.0622851	2.67816	26.803
outfiles/leafspine_oversub1.67_load2_seed4.out	0.2078545375294578	0.0623272	2.76012	25.3156
outfiles/leafspine_oversub1.67_load2_seed5.out	0.20666125672723662	0.0623231	2.63646	25.2068
outfiles/leafspine_oversub1.67_load3_seed1.out	0.7823020726014851	0.0796171	19.4721	60.6988
outfiles/leafspine_oversub1.67_load3_seed2.out	0.7949350847410898	0.0801094	19.7445	60.3993
outfiles/leafspine_oversub1.67_load3_seed3.out	0.7749110306568688	0.080004	19.5385	58.7902
outfiles/leafspine_oversub1.67_load3_seed4.out	0.7970458081787815	0.0794872	19.9159	60.1691
outfiles/leafspine_oversub1.67_load3_seed5.out	0.8048166144196802	0.0797018	19.8609	60.7035
outfiles/leafspine_oversub1.67_load4_seed1.out	3.1245207900160983	0.108425	60.2831	413.047
outfiles/leafspine_oversub1.67_load4_seed2.out	3.1364717473731876	0.108054	60.3151	410.08
outfiles/leafspine_oversub1.67_load4_seed3.out	3.140131312722658	0.109664	60.2873	413.185
outfiles/leafspine_oversub1.67_load4_seed4.out	3.091337845943501	0.10874	60.096	408.522
outfiles/leafspine_oversub1.67_load4_seed5.out	3.1399966142951743	0.107429	60.3516	413.698
outfiles/leafspine_oversub1.67_load5_seed1.out	8.027110938335214	0.158152	162.715	430.058
outfiles/leafspine_oversub1.67_load5_seed2.out	8.178127165550183	0.157259	163.126	433.272
outfiles/leafspine_oversub1.67_load5_seed3.out	8.146325115034008	0.154777	163.21	430.037
outfiles/leafspine_oversub1.67_load5_seed4.out	8.23773748719451	0.157076	164.093	433.685
outfiles/leafspine_oversub1.67_load5_seed5.out	8.185726917640237	0.156333	163.58	429.949
outfiles/leafspine_oversub1.67_load6_seed1.out	18.211242309986567	0.219582	299.688	567.927
outfiles/leafspine_oversub1.67_load6_seed2.out	18.46753693162796	0.2187	300.007	569.984
outfiles/leafspine_oversub1.67_load6_seed3.out	18.546019654261382	0.219052	299.953	582.511
outfiles/leafspine_oversub1.67_load6_seed4.out	18.419760930715196	0.221315	299.889	571.149
outfiles/leafspine_oversub1.67_load6_seed5.out	18.45125087319375	0.219781	300.204	570.534
outfiles/leafspine_oversub1.67_load7_seed1.out	40.28917896060795	0.274605	569.446	2104.26
outfiles/leafspine_oversub1.67_load7_seed2.out	41.164031796981256	0.273296	571.352	2109.8
outfiles/leafspine_oversub1.67_load7_seed3.out	40.21146886201403	0.275076	569.498	2108.21
outfiles/leafspine_oversub1.67_load7_seed4.out	41.92311408343234	0.273786	572.397	2110.28
outfiles/leafspine_oversub1.67_load7_seed5.out	40.53120818444271	0.270428	569.051	2110.35
outfiles/leafspine_oversub1.67_load8_seed1.out	91.93758733064473	0.327549	2106.15	4174.48
outfiles/leafspine_oversub1.67_load8_seed2.out	94.87038566535551	0.329305	2107.28	4171.36
outfiles/leafspine_oversub1.67_load8_seed3.out	94.52996894007391	0.325901	2106.75	8253.59
outfiles/leafspine_oversub1.67_load8_seed4.out	96.58559116914971	0.329162	2107.32	8254.52
outfiles/leafspine_oversub1.67_load8_seed5.out	92.7132629819886	0.325955	2106.46	4171.21
outfiles/leafspine_oversub1.67_load9_seed1.out	194.2370558415616	0.37093	4160.98	8279.98
outfiles/leafspine_oversub1.67_load9_seed2.out	202.90128994345443	0.371003	4163.64	8279.24
outfiles/leafspine_oversub1.67_load9_seed3.out	198.05273677203587	0.371955	4161.93	8279.4
outfiles/leafspine_oversub1.67_load9_seed4.out	199.37189900579557	0.372635	4162.05	8280.02
outfiles/leafspine_oversub1.67_load9_seed5.out	200.00225606528167	0.370713	4162.22	8279.53
outfiles/leafspine_oversub1.67_load10_seed1.out	274.86824203828513	0.401953	8253.62	8290.5
outfiles/leafspine_oversub1.67_load10_seed2.out	276.5734564421469	0.405963	8253.96	8290.37
outfiles/leafspine_oversub1.67_load10_seed3.out	275.4554900122256	0.403608	8253.98	8290.06
outfiles/leafspine_oversub1.67_load10_seed4.out	275.32988494545384	0.402271	8253.71	8290.07
outfiles/leafspine_oversub1.67_load10_seed5.out	276.6798695858094	0.403451	8253.69	8290.37
